0.064 0.332
0.064 0.332
0.064 0.332
0.064 0.332
0.359 0.699
0.359 0.699
0.359 0.699
0.359 0.699
0.359 0.699
0.47 0.889
0.47 0.889
0.47 0.889
0.47 0.889
0.47 0.889
0.615 0.9059999999999999
0.615 0.9059999999999999
0.615 0.9059999999999999
0.615 0.9059999999999999
0.615 0.9059999999999999
0.645 0.9229999999999999
0.645 0.9229999999999999
0.645 0.9229999999999999
0.645 0.9229999999999999
0.645 0.9229999999999999
0.595 0.935
0.595 0.935
0.595 0.935
0.595 0.935
0.595 0.935
0.589 0.934
0.589 0.934
0.589 0.934
0.589 0.934
0.589 0.934
0.589 0.9009999999999999
0.589 0.9009999999999999
0.589 0.9009999999999999
0.589 0.9009999999999999
0.589 0.9009999999999999
0.568 0.841
0.568 0.841
0.568 0.841
0.568 0.841
0.568 0.841
0.37 0.785
0.37 0.785
0.37 0.785
0.37 0.785
0.37 0.785
0.133 0.635
0.133 0.635
0.133 0.635
0.133 0.635
0.133 0.635
0.021 0.635
0.021 0.635
0.021 0.635
0.021 0.635
0.021 0.635
0.0 0.172
0.0 0.172
0.0 0.172
0.0 0.172
0.0 0.172
0.0 0.071
0.0 0.071
0.0 0.071
0.0 0.071
0.0 0.071
0.0 0.064
0.0 0.064
0.0 0.064
0.0 0.064
0.0 0.064
0.0 0.064
0.0 0.064
0.0 0.064
0.0 0.064
0.0 0.064
0.0 0.064
0.0 0.064
0.0 0.064
0.0 0.064
0.0 0.064
0.0 0.064
