2.618400000000000000e+04 2.622100000000000000e+04 2.202800000000000000e+04 8.846000000000000000e+03 3.564000000000000000e+03 2.945000000000000000e+03
9.831900000000000000e+04 1.226590000000000000e+05 1.387800000000000000e+05 6.842100000000000000e+04 2.586500000000000000e+04 1.643500000000000000e+04
1.390160000000000000e+05 2.116350000000000000e+05 2.420080000000000000e+05 1.777900000000000000e+05 8.158500000000000000e+04 5.624100000000000000e+04
1.440260000000000000e+05 2.230000000000000000e+05 2.937590000000000000e+05 3.012970000000000000e+05 1.572710000000000000e+05 1.313490000000000000e+05
1.191540000000000000e+05 1.600730000000000000e+05 2.386720000000000000e+05 3.401820000000000000e+05 2.042490000000000000e+05 1.986370000000000000e+05
1.114670000000000000e+05 1.382900000000000000e+05 2.013390000000000000e+05 3.074230000000000000e+05 2.083000000000000000e+05 2.213700000000000000e+05
1.266600000000000000e+05 1.651220000000000000e+05 2.177580000000000000e+05 2.855430000000000000e+05 1.926380000000000000e+05 2.143680000000000000e+05
1.540420000000000000e+05 2.113030000000000000e+05 2.363110000000000000e+05 2.398100000000000000e+05 1.527990000000000000e+05 1.721950000000000000e+05
3.847760000000000000e+05 5.566570000000000000e+05 4.379480000000000000e+05 3.134680000000000000e+05 1.835290000000000000e+05 2.099230000000000000e+05
4.060810000000000000e+05 5.243200000000000000e+05 2.428370000000000000e+05 1.268160000000000000e+05 7.236700000000000000e+04 8.430100000000000000e+04
4.368040000000000000e+05 4.111180000000000000e+05 1.281450000000000000e+05 5.486000000000000000e+04 3.000900000000000000e+04 3.316100000000000000e+04
