1.117000000000000000e+04 1.042200000000000000e+04 4.219000000000000000e+03 1.684000000000000000e+03 7.400000000000000000e+02 5.420000000000000000e+02
7.578900000000000000e+04 1.270080000000000000e+05 5.173200000000000000e+04 2.414700000000000000e+04 8.674000000000000000e+03 6.002000000000000000e+03
1.385230000000000000e+05 2.674470000000000000e+05 1.124900000000000000e+05 6.812500000000000000e+04 2.804200000000000000e+04 1.868500000000000000e+04
1.489160000000000000e+05 2.480330000000000000e+05 1.740160000000000000e+05 1.527850000000000000e+05 6.555100000000000000e+04 3.938000000000000000e+04
1.359110000000000000e+05 1.560760000000000000e+05 1.767230000000000000e+05 2.591500000000000000e+05 1.133800000000000000e+05 6.138400000000000000e+04
1.213580000000000000e+05 1.199420000000000000e+05 1.513270000000000000e+05 2.716670000000000000e+05 1.231540000000000000e+05 6.198400000000000000e+04
1.377130000000000000e+05 1.475000000000000000e+05 1.643670000000000000e+05 2.521350000000000000e+05 1.103400000000000000e+05 5.026800000000000000e+04
1.679030000000000000e+05 2.120580000000000000e+05 1.793880000000000000e+05 1.919550000000000000e+05 7.465500000000000000e+04 3.243100000000000000e+04
4.399900000000000000e+05 6.420760000000000000e+05 2.778940000000000000e+05 1.609360000000000000e+05 5.105000000000000000e+04 2.398600000000000000e+04
4.727500000000000000e+05 6.817910000000000000e+05 1.220440000000000000e+05 3.581100000000000000e+04 9.729000000000000000e+03 5.875000000000000000e+03
5.207190000000000000e+05 4.966590000000000000e+05 5.966100000000000000e+04 1.241400000000000000e+04 3.091000000000000000e+03 1.856000000000000000e+03
