1.006800000000000000e+04 1.539000000000000000e+03 5.100000000000000000e+02 1.280000000000000000e+02 3.400000000000000000e+01 2.200000000000000000e+01
7.214500000000000000e+04 2.395000000000000000e+04 8.030000000000000000e+03 2.139000000000000000e+03 4.270000000000000000e+02 1.820000000000000000e+02
1.040680000000000000e+05 5.368500000000000000e+04 2.706000000000000000e+04 1.307600000000000000e+04 3.181000000000000000e+03 1.050000000000000000e+03
9.009300000000000000e+04 5.660700000000000000e+04 4.566800000000000000e+04 3.948400000000000000e+04 1.296100000000000000e+04 6.541000000000000000e+03
7.929500000000000000e+04 4.960300000000000000e+04 5.394400000000000000e+04 6.813400000000000000e+04 2.557400000000000000e+04 1.348400000000000000e+04
9.425300000000000000e+04 6.109400000000000000e+04 7.056400000000000000e+04 9.542500000000000000e+04 3.590300000000000000e+04 1.858400000000000000e+04
1.069120000000000000e+05 7.992300000000000000e+04 8.504700000000000000e+04 9.471800000000000000e+04 3.567600000000000000e+04 1.786400000000000000e+04
1.061250000000000000e+05 9.673600000000000000e+04 8.068900000000000000e+04 6.303200000000000000e+04 2.308600000000000000e+04 1.270000000000000000e+04
1.978520000000000000e+05 2.265650000000000000e+05 1.074530000000000000e+05 5.048500000000000000e+04 1.737000000000000000e+04 1.156600000000000000e+04
2.055450000000000000e+05 2.463420000000000000e+05 5.335900000000000000e+04 1.266900000000000000e+04 2.902000000000000000e+03 1.311000000000000000e+03
2.579310000000000000e+05 1.840670000000000000e+05 2.708300000000000000e+04 4.523000000000000000e+03 9.100000000000000000e+02 3.630000000000000000e+02
