1.050000000000000000e+02 7.600000000000000000e+01 6.200000000000000000e+01 2.200000000000000000e+01 1.200000000000000000e+01 1.200000000000000000e+01
8.320000000000000000e+02 7.830000000000000000e+02 6.460000000000000000e+02 2.970000000000000000e+02 9.800000000000000000e+01 1.350000000000000000e+02
1.377000000000000000e+03 1.581000000000000000e+03 1.717000000000000000e+03 1.120000000000000000e+03 4.230000000000000000e+02 4.440000000000000000e+02
1.687000000000000000e+03 1.815000000000000000e+03 2.419000000000000000e+03 2.184000000000000000e+03 9.720000000000000000e+02 1.058000000000000000e+03
1.983000000000000000e+03 2.059000000000000000e+03 3.010000000000000000e+03 2.996000000000000000e+03 1.676000000000000000e+03 1.718000000000000000e+03
1.993000000000000000e+03 1.972000000000000000e+03 2.836000000000000000e+03 3.244000000000000000e+03 1.826000000000000000e+03 1.905000000000000000e+03
2.101000000000000000e+03 2.106000000000000000e+03 2.829000000000000000e+03 3.154000000000000000e+03 1.703000000000000000e+03 2.101000000000000000e+03
1.941000000000000000e+03 2.022000000000000000e+03 2.379000000000000000e+03 2.266000000000000000e+03 1.288000000000000000e+03 1.771000000000000000e+03
2.842000000000000000e+03 3.436000000000000000e+03 3.108000000000000000e+03 2.389000000000000000e+03 1.344000000000000000e+03 2.160000000000000000e+03
1.972000000000000000e+03 2.521000000000000000e+03 1.776000000000000000e+03 1.226000000000000000e+03 7.630000000000000000e+02 1.282000000000000000e+03
1.289000000000000000e+03 1.323000000000000000e+03 8.190000000000000000e+02 5.590000000000000000e+02 3.190000000000000000e+02 5.240000000000000000e+02
