5.331100000000000000e+04 9.170700000000000000e+04 5.091900000000000000e+04 2.130600000000000000e+04 9.742000000000000000e+03 7.709000000000000000e+03
1.126010000000000000e+05 4.670760000000000000e+05 4.834840000000000000e+05 1.844790000000000000e+05 6.757800000000000000e+04 4.973800000000000000e+04
1.637450000000000000e+05 7.244360000000000000e+05 1.234266000000000000e+06 7.891560000000000000e+05 2.774460000000000000e+05 1.674850000000000000e+05
1.382380000000000000e+05 5.517040000000000000e+05 1.277334000000000000e+06 1.413054000000000000e+06 6.263250000000000000e+05 3.530260000000000000e+05
1.459340000000000000e+05 5.110780000000000000e+05 1.249334000000000000e+06 1.952142000000000000e+06 1.119226000000000000e+06 6.778020000000000000e+05
1.353310000000000000e+05 4.172480000000000000e+05 9.702350000000000000e+05 1.690719000000000000e+06 1.140552000000000000e+06 8.003670000000000000e+05
1.401420000000000000e+05 3.914710000000000000e+05 8.356520000000000000e+05 1.292469000000000000e+06 9.184010000000000000e+05 7.550170000000000000e+05
1.794910000000000000e+05 4.936990000000000000e+05 8.794910000000000000e+05 1.121629000000000000e+06 8.111390000000000000e+05 8.297690000000000000e+05
3.760310000000000000e+05 1.040897000000000000e+06 1.253311000000000000e+06 1.303354000000000000e+06 1.034985000000000000e+06 1.442109000000000000e+06
3.322020000000000000e+05 8.722880000000000000e+05 6.033420000000000000e+05 5.518540000000000000e+05 5.121490000000000000e+05 9.371150000000000000e+05
1.383130000000000000e+05 3.649920000000000000e+05 1.598140000000000000e+05 1.399210000000000000e+05 1.406390000000000000e+05 2.801590000000000000e+05
