1.076800000000000000e+04 1.605000000000000000e+03 4.450000000000000000e+02 9.800000000000000000e+01 4.000000000000000000e+01 1.220000000000000000e+02
6.942400000000000000e+04 3.358700000000000000e+04 1.112900000000000000e+04 3.160000000000000000e+03 7.700000000000000000e+02 3.520000000000000000e+02
1.286270000000000000e+05 9.441800000000000000e+04 4.914800000000000000e+04 2.191300000000000000e+04 5.499000000000000000e+03 2.342000000000000000e+03
1.222560000000000000e+05 8.105100000000000000e+04 8.172900000000000000e+04 7.260200000000000000e+04 2.029300000000000000e+04 7.533000000000000000e+03
1.075050000000000000e+05 6.491600000000000000e+04 8.041000000000000000e+04 1.096610000000000000e+05 4.051900000000000000e+04 1.613100000000000000e+04
1.079690000000000000e+05 7.075700000000000000e+04 8.908600000000000000e+04 1.226900000000000000e+05 5.055800000000000000e+04 2.244700000000000000e+04
1.168350000000000000e+05 8.990300000000000000e+04 9.878900000000000000e+04 1.191600000000000000e+05 4.799500000000000000e+04 2.200300000000000000e+04
1.243090000000000000e+05 1.240810000000000000e+05 9.929000000000000000e+04 7.918200000000000000e+04 3.019700000000000000e+04 1.437800000000000000e+04
2.582440000000000000e+05 3.636100000000000000e+05 1.248590000000000000e+05 5.163000000000000000e+04 1.759400000000000000e+04 1.065300000000000000e+04
2.119090000000000000e+05 3.112650000000000000e+05 4.429300000000000000e+04 1.066300000000000000e+04 4.234000000000000000e+03 3.761000000000000000e+03
3.541860000000000000e+05 2.581500000000000000e+05 2.900200000000000000e+04 6.260000000000000000e+03 2.504000000000000000e+03 4.103000000000000000e+03
