1.220500000000000000e+04 7.957000000000000000e+03 4.803000000000000000e+03 2.240000000000000000e+03 1.062000000000000000e+03 1.467000000000000000e+03
2.899800000000000000e+04 2.397200000000000000e+04 2.437400000000000000e+04 1.343100000000000000e+04 6.235000000000000000e+03 7.811000000000000000e+03
2.916800000000000000e+04 2.920100000000000000e+04 4.772600000000000000e+04 4.208300000000000000e+04 2.686400000000000000e+04 3.540700000000000000e+04
1.988900000000000000e+04 2.107400000000000000e+04 3.941500000000000000e+04 5.074700000000000000e+04 4.664000000000000000e+04 8.965400000000000000e+04
1.617300000000000000e+04 1.558700000000000000e+04 2.455600000000000000e+04 3.599300000000000000e+04 4.218000000000000000e+04 1.218540000000000000e+05
1.282800000000000000e+04 1.316800000000000000e+04 1.867100000000000000e+04 2.603500000000000000e+04 3.202700000000000000e+04 1.306260000000000000e+05
1.102100000000000000e+04 1.056500000000000000e+04 1.377600000000000000e+04 1.734000000000000000e+04 2.035200000000000000e+04 9.335200000000000000e+04
1.324500000000000000e+04 1.300900000000000000e+04 1.506100000000000000e+04 1.708400000000000000e+04 1.845900000000000000e+04 8.948800000000000000e+04
2.114600000000000000e+04 1.909300000000000000e+04 1.944800000000000000e+04 2.012500000000000000e+04 2.004000000000000000e+04 9.493800000000000000e+04
1.590400000000000000e+04 1.285600000000000000e+04 1.098200000000000000e+04 1.031200000000000000e+04 9.465000000000000000e+03 4.394500000000000000e+04
1.473100000000000000e+04 1.043900000000000000e+04 7.818000000000000000e+03 6.478000000000000000e+03 5.535000000000000000e+03 2.499500000000000000e+04
