1.500000000000000000e+01 1.100000000000000000e+01 7.000000000000000000e+00 6.000000000000000000e+00 1.000000000000000000e+00 0.000000000000000000e+00
1.690000000000000000e+02 9.700000000000000000e+01 4.900000000000000000e+01 2.200000000000000000e+01 7.000000000000000000e+00 4.000000000000000000e+00
5.210000000000000000e+02 4.350000000000000000e+02 1.870000000000000000e+02 8.200000000000000000e+01 2.600000000000000000e+01 1.000000000000000000e+01
7.060000000000000000e+02 6.440000000000000000e+02 4.500000000000000000e+02 3.040000000000000000e+02 8.800000000000000000e+01 3.500000000000000000e+01
7.120000000000000000e+02 5.390000000000000000e+02 5.420000000000000000e+02 5.010000000000000000e+02 1.680000000000000000e+02 5.800000000000000000e+01
7.380000000000000000e+02 5.930000000000000000e+02 5.160000000000000000e+02 5.990000000000000000e+02 2.180000000000000000e+02 7.100000000000000000e+01
8.260000000000000000e+02 6.470000000000000000e+02 6.230000000000000000e+02 5.730000000000000000e+02 1.780000000000000000e+02 6.500000000000000000e+01
9.760000000000000000e+02 8.800000000000000000e+02 7.170000000000000000e+02 5.190000000000000000e+02 1.670000000000000000e+02 7.100000000000000000e+01
2.014000000000000000e+03 2.226000000000000000e+03 1.028000000000000000e+03 5.020000000000000000e+02 1.830000000000000000e+02 9.900000000000000000e+01
1.524000000000000000e+03 1.650000000000000000e+03 4.530000000000000000e+02 1.450000000000000000e+02 6.700000000000000000e+01 4.500000000000000000e+01
1.410000000000000000e+03 1.119000000000000000e+03 2.300000000000000000e+02 6.400000000000000000e+01 3.800000000000000000e+01 2.200000000000000000e+01
