4.440500000000000000e+04 3.050000000000000000e+04 1.954400000000000000e+04 9.805000000000000000e+03 5.119000000000000000e+03 7.144000000000000000e+03
6.112700000000000000e+04 5.038500000000000000e+04 5.334000000000000000e+04 3.133200000000000000e+04 1.339000000000000000e+04 1.352600000000000000e+04
5.165600000000000000e+04 4.828700000000000000e+04 6.266900000000000000e+04 5.562000000000000000e+04 3.008100000000000000e+04 2.739700000000000000e+04
4.605500000000000000e+04 4.442800000000000000e+04 6.012500000000000000e+04 6.948300000000000000e+04 4.828200000000000000e+04 5.408500000000000000e+04
3.956200000000000000e+04 3.728100000000000000e+04 4.758200000000000000e+04 6.169000000000000000e+04 5.051300000000000000e+04 7.033600000000000000e+04
3.939300000000000000e+04 3.667200000000000000e+04 4.238800000000000000e+04 5.284800000000000000e+04 4.611600000000000000e+04 7.427000000000000000e+04
4.099900000000000000e+04 3.715800000000000000e+04 3.880000000000000000e+04 4.345300000000000000e+04 3.724100000000000000e+04 6.492900000000000000e+04
4.394300000000000000e+04 3.995700000000000000e+04 3.819200000000000000e+04 3.757000000000000000e+04 3.010800000000000000e+04 5.358900000000000000e+04
8.793900000000000000e+04 7.633700000000000000e+04 5.978400000000000000e+04 4.947200000000000000e+04 3.666900000000000000e+04 6.744800000000000000e+04
6.610300000000000000e+04 5.555700000000000000e+04 3.377200000000000000e+04 2.312800000000000000e+04 1.633500000000000000e+04 3.072800000000000000e+04
4.398800000000000000e+04 3.612500000000000000e+04 1.861900000000000000e+04 1.180900000000000000e+04 8.045000000000000000e+03 1.446400000000000000e+04
