5.664000000000000000e+03 3.615000000000000000e+03 2.534000000000000000e+03 1.628000000000000000e+03 1.214000000000000000e+03 1.893000000000000000e+03
1.327800000000000000e+04 8.306000000000000000e+03 4.607000000000000000e+03 2.766000000000000000e+03 1.689000000000000000e+03 2.833000000000000000e+03
1.769300000000000000e+04 1.185400000000000000e+04 7.365000000000000000e+03 4.974000000000000000e+03 3.143000000000000000e+03 4.921000000000000000e+03
1.451300000000000000e+04 9.932000000000000000e+03 7.374000000000000000e+03 6.525000000000000000e+03 4.778000000000000000e+03 7.682000000000000000e+03
1.080900000000000000e+04 7.497000000000000000e+03 6.205000000000000000e+03 6.501000000000000000e+03 5.718000000000000000e+03 1.135000000000000000e+04
7.998000000000000000e+03 5.480000000000000000e+03 5.000000000000000000e+03 5.499000000000000000e+03 5.232000000000000000e+03 1.380900000000000000e+04
6.412000000000000000e+03 4.478000000000000000e+03 4.215000000000000000e+03 4.506000000000000000e+03 4.465000000000000000e+03 1.422600000000000000e+04
4.455000000000000000e+03 3.259000000000000000e+03 2.907000000000000000e+03 3.101000000000000000e+03 3.051000000000000000e+03 1.134700000000000000e+04
5.845000000000000000e+03 4.508000000000000000e+03 4.066000000000000000e+03 4.094000000000000000e+03 4.066000000000000000e+03 1.769600000000000000e+04
4.262000000000000000e+03 3.645000000000000000e+03 3.332000000000000000e+03 3.197000000000000000e+03 3.114000000000000000e+03 1.389900000000000000e+04
3.253000000000000000e+03 3.254000000000000000e+03 2.665000000000000000e+03 2.376000000000000000e+03 2.220000000000000000e+03 9.154000000000000000e+03
