7.012550868966999406e+04 2.008186999704700138e+05 1.794945779061699868e+05 1.040581929554100061e+05 5.305891377300000022e+04 4.473508336642000359e+04
2.971300000000000000e+05 8.769000000000000000e+05 9.028980000000000000e+05 4.246690000000000000e+05 1.689820000000000000e+05 1.124740000000000000e+05
4.646070000000000000e+05 1.342432000000000000e+06 1.648711000000000000e+06 1.014411000000000000e+06 4.289030000000000000e+05 2.575330000000000000e+05
5.006510000000000000e+05 1.195254000000000000e+06 1.858738000000000000e+06 1.590560000000000000e+06 7.480140000000000000e+05 4.788720000000000000e+05
4.711420000000000000e+05 9.168580000000000000e+05 1.638977000000000000e+06 1.849305000000000000e+06 9.164680000000000000e+05 6.296250000000000000e+05
5.208110000000000000e+05 9.340080000000000000e+05 1.536501000000000000e+06 1.872533000000000000e+06 9.537220000000000000e+05 7.180810000000000000e+05
5.842520000000000000e+05 1.036516000000000000e+06 1.484788000000000000e+06 1.640154000000000000e+06 8.356470000000000000e+05 6.917540000000000000e+05
6.328820000000000000e+05 1.169496000000000000e+06 1.342735000000000000e+06 1.233239000000000000e+06 6.454910000000000000e+05 6.069960000000000000e+05
1.290543000000000000e+06 2.346268000000000000e+06 2.006305000000000000e+06 1.464210000000000000e+06 8.066820000000000000e+05 8.495870000000000000e+05
1.135428000000000000e+06 1.783878000000000000e+06 1.068565000000000000e+06 6.463610000000000000e+05 3.794260000000000000e+05 4.259470000000000000e+05
9.137410000000000000e+05 1.091206000000000000e+06 5.388260000000000000e+05 2.938090000000000000e+05 1.653640000000000000e+05 1.766930000000000000e+05
