9.000000000000000000e+00 1.200000000000000000e+01 9.000000000000000000e+00 6.000000000000000000e+00 1.000000000000000000e+00 1.000000000000000000e+01
2.020000000000000000e+02 1.600000000000000000e+02 1.490000000000000000e+02 1.070000000000000000e+02 7.200000000000000000e+01 1.570000000000000000e+02
4.900000000000000000e+02 6.090000000000000000e+02 5.700000000000000000e+02 5.470000000000000000e+02 4.560000000000000000e+02 5.190000000000000000e+02
5.990000000000000000e+02 8.020000000000000000e+02 8.210000000000000000e+02 1.044000000000000000e+03 1.149000000000000000e+03 1.586000000000000000e+03
7.180000000000000000e+02 7.780000000000000000e+02 9.470000000000000000e+02 1.224000000000000000e+03 1.619000000000000000e+03 2.988000000000000000e+03
7.470000000000000000e+02 6.910000000000000000e+02 8.860000000000000000e+02 1.377000000000000000e+03 1.757000000000000000e+03 4.329000000000000000e+03
7.150000000000000000e+02 7.080000000000000000e+02 9.570000000000000000e+02 1.322000000000000000e+03 1.735000000000000000e+03 4.938000000000000000e+03
5.980000000000000000e+02 7.190000000000000000e+02 8.790000000000000000e+02 1.166000000000000000e+03 1.514000000000000000e+03 4.860000000000000000e+03
5.530000000000000000e+02 9.270000000000000000e+02 1.197000000000000000e+03 1.369000000000000000e+03 1.597000000000000000e+03 6.647000000000000000e+03
1.770000000000000000e+02 5.030000000000000000e+02 5.460000000000000000e+02 5.320000000000000000e+02 6.260000000000000000e+02 2.794000000000000000e+03
1.160000000000000000e+02 3.260000000000000000e+02 3.310000000000000000e+02 2.660000000000000000e+02 2.880000000000000000e+02 1.184000000000000000e+03
