1.895600000000000000e+04 4.746000000000000000e+03 2.801000000000000000e+03 1.477000000000000000e+03 4.470000000000000000e+02 2.230000000000000000e+02
3.573700000000000000e+04 1.344000000000000000e+04 8.827000000000000000e+03 4.475000000000000000e+03 1.219000000000000000e+03 5.730000000000000000e+02
4.300900000000000000e+04 2.693900000000000000e+04 2.191300000000000000e+04 1.013800000000000000e+04 3.023000000000000000e+03 1.567000000000000000e+03
5.217000000000000000e+04 3.351400000000000000e+04 4.548300000000000000e+04 2.836400000000000000e+04 6.809000000000000000e+03 3.450000000000000000e+03
5.076400000000000000e+04 3.155300000000000000e+04 5.187800000000000000e+04 5.042900000000000000e+04 1.047400000000000000e+04 4.793000000000000000e+03
5.412200000000000000e+04 3.724200000000000000e+04 5.921200000000000000e+04 6.299300000000000000e+04 1.294600000000000000e+04 5.730000000000000000e+03
6.147700000000000000e+04 5.170200000000000000e+04 6.702200000000000000e+04 5.637700000000000000e+04 1.270700000000000000e+04 5.946000000000000000e+03
6.792700000000000000e+04 7.284400000000000000e+04 6.180400000000000000e+04 3.591700000000000000e+04 1.054300000000000000e+04 6.421000000000000000e+03
1.694030000000000000e+05 2.028000000000000000e+05 9.140500000000000000e+04 3.974100000000000000e+04 1.870400000000000000e+04 1.391800000000000000e+04
2.354630000000000000e+05 2.263930000000000000e+05 6.354400000000000000e+04 2.577200000000000000e+04 1.564800000000000000e+04 1.039600000000000000e+04
2.371700000000000000e+05 1.414410000000000000e+05 3.497100000000000000e+04 1.443700000000000000e+04 7.807000000000000000e+03 4.572000000000000000e+03
