7.392000000000000000e+03 1.625300000000000000e+04 7.545000000000000000e+03 2.813000000000000000e+03 1.541000000000000000e+03 2.893000000000000000e+03
1.936200000000000000e+04 6.061900000000000000e+04 5.677100000000000000e+04 2.199800000000000000e+04 1.006400000000000000e+04 1.449800000000000000e+04
2.750000000000000000e+04 5.369300000000000000e+04 8.862300000000000000e+04 6.537000000000000000e+04 3.727600000000000000e+04 5.543100000000000000e+04
2.015400000000000000e+04 2.730400000000000000e+04 5.502300000000000000e+04 6.574900000000000000e+04 5.637400000000000000e+04 1.140490000000000000e+05
1.204400000000000000e+04 1.379200000000000000e+04 2.728200000000000000e+04 4.142200000000000000e+04 4.779500000000000000e+04 1.613330000000000000e+05
8.227000000000000000e+03 9.629000000000000000e+03 1.627000000000000000e+04 2.512400000000000000e+04 3.324800000000000000e+04 1.752820000000000000e+05
5.854000000000000000e+03 7.633000000000000000e+03 1.184300000000000000e+04 1.699100000000000000e+04 2.210500000000000000e+04 1.488630000000000000e+05
5.666000000000000000e+03 7.842000000000000000e+03 1.147700000000000000e+04 1.504800000000000000e+04 1.833000000000000000e+04 1.250490000000000000e+05
9.944000000000000000e+03 1.580200000000000000e+04 2.113900000000000000e+04 2.557100000000000000e+04 2.869700000000000000e+04 1.666190000000000000e+05
7.470000000000000000e+03 1.452000000000000000e+04 1.682100000000000000e+04 1.772300000000000000e+04 1.651800000000000000e+04 8.194200000000000000e+04
5.320000000000000000e+03 1.080700000000000000e+04 1.029800000000000000e+04 9.209000000000000000e+03 8.020000000000000000e+03 3.380600000000000000e+04
