5.673000000000000000e+03 9.188000000000000000e+03 5.207000000000000000e+03 2.589000000000000000e+03 1.393000000000000000e+03 2.118000000000000000e+03
1.250800000000000000e+04 4.145300000000000000e+04 5.537200000000000000e+04 2.186400000000000000e+04 6.463000000000000000e+03 3.249000000000000000e+03
9.640000000000000000e+03 2.814600000000000000e+04 6.676100000000000000e+04 7.064500000000000000e+04 3.802500000000000000e+04 1.945100000000000000e+04
1.497000000000000000e+03 1.226800000000000000e+04 2.648000000000000000e+04 4.281900000000000000e+04 4.779900000000000000e+04 5.790100000000000000e+04
6.134000000000000000e+03 9.007000000000000000e+03 1.630500000000000000e+04 2.626000000000000000e+04 3.752200000000000000e+04 1.024650000000000000e+05
5.917000000000000000e+03 8.000000000000000000e+03 1.262900000000000000e+04 1.754600000000000000e+04 2.355800000000000000e+04 1.086810000000000000e+05
6.169000000000000000e+03 8.808000000000000000e+03 1.300000000000000000e+04 1.732100000000000000e+04 2.177800000000000000e+04 1.105290000000000000e+05
7.795000000000000000e+03 1.164400000000000000e+04 1.578900000000000000e+04 1.886900000000000000e+04 2.136300000000000000e+04 7.923600000000000000e+04
1.486000000000000000e+04 2.287900000000000000e+04 2.486100000000000000e+04 2.662300000000000000e+04 2.607000000000000000e+04 6.782800000000000000e+04
1.709900000000000000e+04 2.086700000000000000e+04 1.810400000000000000e+04 1.619900000000000000e+04 1.140600000000000000e+04 1.975400000000000000e+04
1.915600000000000000e+04 1.948000000000000000e+04 1.363900000000000000e+04 9.514000000000000000e+03 6.588000000000000000e+03 9.637000000000000000e+03
