1.592500000000000000e+04 1.252000000000000000e+04 4.280000000000000000e+03 1.840000000000000000e+03 1.035000000000000000e+03 1.145000000000000000e+03
1.456000000000000000e+05 1.602400000000000000e+05 4.886500000000000000e+04 2.051500000000000000e+04 7.650000000000000000e+03 5.085000000000000000e+03
2.987200000000000000e+05 3.610850000000000000e+05 1.238650000000000000e+05 6.766500000000000000e+04 2.516000000000000000e+04 1.407000000000000000e+04
3.137950000000000000e+05 3.572050000000000000e+05 2.239900000000000000e+05 1.849000000000000000e+05 6.902000000000000000e+04 3.843000000000000000e+04
2.661850000000000000e+05 2.464550000000000000e+05 2.480650000000000000e+05 3.328200000000000000e+05 1.310300000000000000e+05 7.322000000000000000e+04
2.372550000000000000e+05 2.127100000000000000e+05 2.351550000000000000e+05 3.720750000000000000e+05 1.556600000000000000e+05 8.936000000000000000e+04
2.376950000000000000e+05 2.414800000000000000e+05 2.474850000000000000e+05 3.430550000000000000e+05 1.428950000000000000e+05 7.909000000000000000e+04
2.926800000000000000e+05 3.396500000000000000e+05 2.710750000000000000e+05 2.816150000000000000e+05 1.099200000000000000e+05 6.031000000000000000e+04
8.830250000000000000e+05 1.204890000000000000e+06 4.837100000000000000e+05 2.974050000000000000e+05 1.092550000000000000e+05 6.827500000000000000e+04
8.730450000000000000e+05 1.213450000000000000e+06 2.114650000000000000e+05 7.496000000000000000e+04 3.061500000000000000e+04 2.860500000000000000e+04
8.305650000000000000e+05 7.752250000000000000e+05 9.668000000000000000e+04 2.630000000000000000e+04 1.107000000000000000e+04 1.087500000000000000e+04
