2.200000000000000000e+01 2.100000000000000000e+01 1.000000000000000000e+01 5.000000000000000000e+00 1.000000000000000000e+00 1.000000000000000000e+00
2.620000000000000000e+02 2.230000000000000000e+02 9.100000000000000000e+01 4.100000000000000000e+01 2.300000000000000000e+01 1.000000000000000000e+01
7.210000000000000000e+02 7.370000000000000000e+02 3.130000000000000000e+02 1.630000000000000000e+02 6.900000000000000000e+01 4.000000000000000000e+01
9.280000000000000000e+02 8.720000000000000000e+02 4.800000000000000000e+02 3.090000000000000000e+02 1.030000000000000000e+02 1.040000000000000000e+02
1.057000000000000000e+03 8.510000000000000000e+02 5.570000000000000000e+02 4.990000000000000000e+02 2.270000000000000000e+02 1.540000000000000000e+02
1.074000000000000000e+03 8.220000000000000000e+02 5.320000000000000000e+02 6.100000000000000000e+02 2.400000000000000000e+02 1.630000000000000000e+02
9.540000000000000000e+02 7.700000000000000000e+02 4.320000000000000000e+02 4.340000000000000000e+02 1.800000000000000000e+02 1.260000000000000000e+02
8.070000000000000000e+02 6.010000000000000000e+02 3.610000000000000000e+02 2.880000000000000000e+02 1.290000000000000000e+02 1.000000000000000000e+02
8.550000000000000000e+02 9.080000000000000000e+02 4.640000000000000000e+02 2.650000000000000000e+02 1.190000000000000000e+02 1.120000000000000000e+02
3.360000000000000000e+02 4.670000000000000000e+02 1.820000000000000000e+02 9.100000000000000000e+01 4.600000000000000000e+01 5.400000000000000000e+01
1.920000000000000000e+02 3.110000000000000000e+02 1.100000000000000000e+02 4.700000000000000000e+01 3.300000000000000000e+01 2.100000000000000000e+01
