4.226000000000000000e+03 1.493000000000000000e+03 1.064000000000000000e+03 6.370000000000000000e+02 1.300000000000000000e+02 6.000000000000000000e+00
8.644000000000000000e+03 5.967000000000000000e+03 5.019000000000000000e+03 2.606000000000000000e+03 5.180000000000000000e+02 2.980000000000000000e+02
2.209600000000000000e+04 2.311700000000000000e+04 1.460100000000000000e+04 8.228000000000000000e+03 1.935000000000000000e+03 7.980000000000000000e+02
3.270200000000000000e+04 4.051100000000000000e+04 2.939900000000000000e+04 2.184800000000000000e+04 7.945000000000000000e+03 3.016000000000000000e+03
3.329800000000000000e+04 4.536900000000000000e+04 4.329500000000000000e+04 4.398500000000000000e+04 2.191800000000000000e+04 8.058000000000000000e+03
3.510000000000000000e+04 5.040900000000000000e+04 5.532000000000000000e+04 5.289000000000000000e+04 3.018800000000000000e+04 1.088900000000000000e+04
4.188800000000000000e+04 6.331500000000000000e+04 6.713500000000000000e+04 5.873400000000000000e+04 3.143900000000000000e+04 1.050300000000000000e+04
4.958800000000000000e+04 7.543500000000000000e+04 7.720600000000000000e+04 5.998600000000000000e+04 2.324300000000000000e+04 8.292000000000000000e+03
1.250410000000000000e+05 1.822930000000000000e+05 1.875780000000000000e+05 1.281400000000000000e+05 4.197900000000000000e+04 1.662700000000000000e+04
9.428450000000000000e+04 1.393615000000000000e+05 8.028500000000000000e+04 3.950650000000000000e+04 1.631600000000000000e+04 9.354500000000000000e+03
9.428450000000000000e+04 1.393615000000000000e+05 8.028500000000000000e+04 3.950650000000000000e+04 1.631600000000000000e+04 9.354500000000000000e+03
