6.800000000000000000e+01 8.200000000000000000e+01 9.800000000000000000e+01 1.180000000000000000e+02 3.700000000000000000e+01 0.000000000000000000e+00
4.060000000000000000e+02 4.760000000000000000e+02 4.490000000000000000e+02 2.960000000000000000e+02 3.700000000000000000e+01 1.900000000000000000e+01
1.960000000000000000e+03 2.252000000000000000e+03 1.662000000000000000e+03 1.281000000000000000e+03 5.300000000000000000e+02 2.140000000000000000e+02
3.331000000000000000e+03 4.555000000000000000e+03 4.626000000000000000e+03 4.142000000000000000e+03 2.006000000000000000e+03 8.760000000000000000e+02
2.837000000000000000e+03 3.583000000000000000e+03 5.054000000000000000e+03 6.119000000000000000e+03 3.042000000000000000e+03 1.290000000000000000e+03
2.147000000000000000e+03 2.777000000000000000e+03 3.754000000000000000e+03 5.618000000000000000e+03 2.487000000000000000e+03 1.155000000000000000e+03
2.491000000000000000e+03 3.423000000000000000e+03 5.306000000000000000e+03 5.942000000000000000e+03 2.730000000000000000e+03 9.410000000000000000e+02
2.310000000000000000e+03 3.979000000000000000e+03 5.391000000000000000e+03 5.005000000000000000e+03 1.723000000000000000e+03 7.180000000000000000e+02
6.889000000000000000e+03 1.256800000000000000e+04 1.377700000000000000e+04 9.801000000000000000e+03 3.747000000000000000e+03 2.126000000000000000e+03
5.881000000000000000e+03 1.236300000000000000e+04 6.752000000000000000e+03 3.386000000000000000e+03 1.998000000000000000e+03 1.502000000000000000e+03
3.668000000000000000e+03 5.801000000000000000e+03 1.623000000000000000e+03 6.930000000000000000e+02 4.530000000000000000e+02 3.480000000000000000e+02
