9.304200000000000000e+04 5.621100000000000000e+04 3.433900000000000000e+04 1.127000000000000000e+04 4.238000000000000000e+03 3.291000000000000000e+03
2.232240000000000000e+05 1.981670000000000000e+05 2.025800000000000000e+05 8.737800000000000000e+04 2.882600000000000000e+04 1.635100000000000000e+04
2.465960000000000000e+05 2.635620000000000000e+05 3.455140000000000000e+05 2.236860000000000000e+05 8.235200000000000000e+04 4.325800000000000000e+04
2.252420000000000000e+05 2.494650000000000000e+05 3.730380000000000000e+05 3.395920000000000000e+05 1.461400000000000000e+05 8.290000000000000000e+04
2.053300000000000000e+05 2.333860000000000000e+05 3.695760000000000000e+05 4.135300000000000000e+05 1.969000000000000000e+05 1.220950000000000000e+05
1.756710000000000000e+05 2.143050000000000000e+05 3.209500000000000000e+05 3.754080000000000000e+05 1.932760000000000000e+05 1.360290000000000000e+05
1.897020000000000000e+05 2.432300000000000000e+05 3.267190000000000000e+05 3.479830000000000000e+05 1.827410000000000000e+05 1.402830000000000000e+05
2.201350000000000000e+05 2.896210000000000000e+05 3.363070000000000000e+05 3.073350000000000000e+05 1.610170000000000000e+05 1.326780000000000000e+05
4.626350000000000000e+05 6.012090000000000000e+05 5.345960000000000000e+05 3.935220000000000000e+05 2.098290000000000000e+05 1.944220000000000000e+05
3.522430000000000000e+05 4.499770000000000000e+05 2.932620000000000000e+05 1.800670000000000000e+05 1.008900000000000000e+05 1.034850000000000000e+05
2.498300000000000000e+05 3.012490000000000000e+05 1.779250000000000000e+05 1.022640000000000000e+05 5.847500000000000000e+04 6.287400000000000000e+04
