1.246000000000000000e+03 2.149000000000000000e+03 1.736000000000000000e+03 8.990000000000000000e+02 5.030000000000000000e+02 1.011000000000000000e+03
5.885000000000000000e+03 1.304400000000000000e+04 1.560900000000000000e+04 7.804000000000000000e+03 3.462000000000000000e+03 5.278000000000000000e+03
8.781000000000000000e+03 2.151500000000000000e+04 3.111300000000000000e+04 2.229200000000000000e+04 9.525000000000000000e+03 9.865000000000000000e+03
9.288000000000000000e+03 2.153000000000000000e+04 3.468300000000000000e+04 3.519900000000000000e+04 1.733600000000000000e+04 1.383600000000000000e+04
8.932000000000000000e+03 1.634700000000000000e+04 2.946100000000000000e+04 4.051300000000000000e+04 2.256500000000000000e+04 1.756100000000000000e+04
9.286000000000000000e+03 1.620200000000000000e+04 2.823500000000000000e+04 4.221400000000000000e+04 2.726000000000000000e+04 2.166800000000000000e+04
1.020400000000000000e+04 1.799600000000000000e+04 2.843600000000000000e+04 3.845100000000000000e+04 2.672700000000000000e+04 2.341100000000000000e+04
1.195600000000000000e+04 2.065400000000000000e+04 2.757600000000000000e+04 3.104400000000000000e+04 2.118500000000000000e+04 2.116900000000000000e+04
2.454400000000000000e+04 4.117200000000000000e+04 4.288600000000000000e+04 3.594900000000000000e+04 2.243400000000000000e+04 2.502500000000000000e+04
2.256900000000000000e+04 3.442100000000000000e+04 2.331600000000000000e+04 1.489400000000000000e+04 8.811000000000000000e+03 1.021700000000000000e+04
1.807400000000000000e+04 2.634300000000000000e+04 1.527000000000000000e+04 8.330000000000000000e+03 4.733000000000000000e+03 5.351000000000000000e+03
