9.730000000000000000e+02 5.730000000000000000e+02 5.020000000000000000e+02 4.110000000000000000e+02 1.360000000000000000e+02 8.200000000000000000e+01
6.683000000000000000e+03 4.680000000000000000e+03 4.457000000000000000e+03 2.333000000000000000e+03 8.990000000000000000e+02 4.880000000000000000e+02
1.435000000000000000e+04 1.408300000000000000e+04 1.592500000000000000e+04 9.311000000000000000e+03 3.005000000000000000e+03 1.643000000000000000e+03
1.724600000000000000e+04 1.702300000000000000e+04 2.577100000000000000e+04 2.508500000000000000e+04 8.379000000000000000e+03 4.305000000000000000e+03
1.571000000000000000e+04 1.391700000000000000e+04 2.385500000000000000e+04 3.799900000000000000e+04 1.577200000000000000e+04 7.956000000000000000e+03
1.607400000000000000e+04 1.461200000000000000e+04 2.358300000000000000e+04 4.312800000000000000e+04 2.103300000000000000e+04 1.147500000000000000e+04
1.926400000000000000e+04 1.971100000000000000e+04 2.972600000000000000e+04 4.516400000000000000e+04 2.265100000000000000e+04 1.306000000000000000e+04
2.584200000000000000e+04 3.202400000000000000e+04 3.962700000000000000e+04 3.947500000000000000e+04 1.801900000000000000e+04 1.258700000000000000e+04
7.314500000000000000e+04 1.045890000000000000e+05 7.300100000000000000e+04 4.152100000000000000e+04 1.894700000000000000e+04 1.941600000000000000e+04
8.405100000000000000e+04 1.000520000000000000e+05 3.335300000000000000e+04 1.246400000000000000e+04 8.183000000000000000e+03 1.123300000000000000e+04
9.978200000000000000e+04 6.753900000000000000e+04 1.624700000000000000e+04 5.958000000000000000e+03 4.156000000000000000e+03 4.794000000000000000e+03
