5.173000000000000000e+03 5.651000000000000000e+03 3.017000000000000000e+03 9.200000000000000000e+02 2.960000000000000000e+02 2.120000000000000000e+02
1.444400000000000000e+04 2.391200000000000000e+04 2.198800000000000000e+04 7.747000000000000000e+03 2.082000000000000000e+03 1.057000000000000000e+03
2.879200000000000000e+04 5.048600000000000000e+04 7.338000000000000000e+04 3.755400000000000000e+04 9.896000000000000000e+03 4.143000000000000000e+03
3.935700000000000000e+04 6.584600000000000000e+04 1.214340000000000000e+05 9.220000000000000000e+04 2.598400000000000000e+04 9.822000000000000000e+03
5.055600000000000000e+04 7.680100000000000000e+04 1.412620000000000000e+05 1.346990000000000000e+05 4.058900000000000000e+04 1.628900000000000000e+04
4.477800000000000000e+04 6.894900000000000000e+04 1.104850000000000000e+05 1.054140000000000000e+05 3.666400000000000000e+04 1.760700000000000000e+04
4.634900000000000000e+04 7.217100000000000000e+04 9.483900000000000000e+04 8.005000000000000000e+04 3.365900000000000000e+04 2.054700000000000000e+04
5.139000000000000000e+04 8.184400000000000000e+04 9.119200000000000000e+04 6.897000000000000000e+04 3.562500000000000000e+04 2.659500000000000000e+04
9.540200000000000000e+04 1.576360000000000000e+05 1.418450000000000000e+05 1.021960000000000000e+05 6.634000000000000000e+04 6.104900000000000000e+04
6.687500000000000000e+04 1.133310000000000000e+05 8.679800000000000000e+04 6.547900000000000000e+04 4.584700000000000000e+04 4.555100000000000000e+04
4.742600000000000000e+04 8.370300000000000000e+04 5.928900000000000000e+04 4.253700000000000000e+04 3.056300000000000000e+04 2.772900000000000000e+04
