3.310000000000000000e+02 1.240000000000000000e+02 4.100000000000000000e+01 1.800000000000000000e+01 5.000000000000000000e+00 5.000000000000000000e+00
2.942000000000000000e+03 2.193000000000000000e+03 8.810000000000000000e+02 3.710000000000000000e+02 1.230000000000000000e+02 8.000000000000000000e+01
6.992000000000000000e+03 7.460000000000000000e+03 4.057000000000000000e+03 1.754000000000000000e+03 4.490000000000000000e+02 2.120000000000000000e+02
7.663000000000000000e+03 7.383000000000000000e+03 7.203000000000000000e+03 5.705000000000000000e+03 1.604000000000000000e+03 5.200000000000000000e+02
5.554000000000000000e+03 4.665000000000000000e+03 5.811000000000000000e+03 8.303000000000000000e+03 3.565000000000000000e+03 1.284000000000000000e+03
4.750000000000000000e+03 3.932000000000000000e+03 4.949000000000000000e+03 8.752000000000000000e+03 5.108000000000000000e+03 2.285000000000000000e+03
3.905000000000000000e+03 3.536000000000000000e+03 4.651000000000000000e+03 9.068000000000000000e+03 5.771000000000000000e+03 3.108000000000000000e+03
3.758000000000000000e+03 4.937000000000000000e+03 6.232000000000000000e+03 8.514000000000000000e+03 5.005000000000000000e+03 2.640000000000000000e+03
7.572000000000000000e+03 1.940800000000000000e+04 1.214700000000000000e+04 8.336000000000000000e+03 3.622000000000000000e+03 1.836000000000000000e+03
9.249000000000000000e+03 2.307500000000000000e+04 5.654000000000000000e+03 1.633000000000000000e+03 5.250000000000000000e+02 2.620000000000000000e+02
1.024000000000000000e+04 1.700200000000000000e+04 3.670000000000000000e+03 5.930000000000000000e+02 1.370000000000000000e+02 7.200000000000000000e+01
