9.588000000000000000e+03 2.514000000000000000e+03 6.870000000000000000e+02 1.760000000000000000e+02 3.900000000000000000e+01 1.000000000000000000e+01
7.780000000000000000e+04 3.497700000000000000e+04 2.040000000000000000e+04 5.613000000000000000e+03 9.880000000000000000e+02 2.890000000000000000e+02
1.131960000000000000e+05 7.379700000000000000e+04 8.387200000000000000e+04 5.250300000000000000e+04 7.447000000000000000e+03 1.817000000000000000e+03
7.730700000000000000e+04 4.912200000000000000e+04 8.727600000000000000e+04 1.134290000000000000e+05 1.914100000000000000e+04 4.571000000000000000e+03
6.898500000000000000e+04 3.901300000000000000e+04 7.893700000000000000e+04 1.504430000000000000e+05 3.329300000000000000e+04 8.420000000000000000e+03
6.691000000000000000e+04 4.507200000000000000e+04 7.817500000000000000e+04 1.449730000000000000e+05 3.840500000000000000e+04 1.027900000000000000e+04
8.572600000000000000e+04 8.127200000000000000e+04 1.144740000000000000e+05 1.322000000000000000e+05 3.497500000000000000e+04 1.002500000000000000e+04
1.031390000000000000e+05 1.383670000000000000e+05 1.302910000000000000e+05 8.116900000000000000e+04 2.038200000000000000e+04 7.454000000000000000e+03
1.908120000000000000e+05 2.939730000000000000e+05 1.342960000000000000e+05 4.583000000000000000e+04 1.161900000000000000e+04 5.909000000000000000e+03
2.942255000000000000e+05 2.856735000000000000e+05 4.767900000000000000e+04 8.395000000000000000e+03 2.301000000000000000e+03 1.667000000000000000e+03
1.872205000000000000e+05 1.432975000000000000e+05 1.844800000000000000e+04 2.530000000000000000e+03 7.380000000000000000e+02 5.160000000000000000e+02
