9.853000000000000000e+03 1.356900000000000000e+04 9.392000000000000000e+03 4.468000000000000000e+03 2.080000000000000000e+03 2.000000000000000000e+03
2.935800000000000000e+04 4.432300000000000000e+04 4.482200000000000000e+04 2.261300000000000000e+04 9.226000000000000000e+03 6.367000000000000000e+03
3.674600000000000000e+04 5.369100000000000000e+04 6.943100000000000000e+04 5.189100000000000000e+04 2.678400000000000000e+04 1.673600000000000000e+04
3.642300000000000000e+04 4.676000000000000000e+04 6.794600000000000000e+04 7.383600000000000000e+04 5.102200000000000000e+04 3.425200000000000000e+04
3.449800000000000000e+04 3.863400000000000000e+04 5.572400000000000000e+04 7.449700000000000000e+04 6.298000000000000000e+04 4.792900000000000000e+04
3.519000000000000000e+04 3.827300000000000000e+04 5.178900000000000000e+04 6.990200000000000000e+04 6.261800000000000000e+04 5.394500000000000000e+04
3.508600000000000000e+04 3.897800000000000000e+04 4.814600000000000000e+04 5.935800000000000000e+04 5.156700000000000000e+04 4.945400000000000000e+04
3.395700000000000000e+04 3.887500000000000000e+04 4.291800000000000000e+04 4.716800000000000000e+04 3.724500000000000000e+04 4.155500000000000000e+04
6.099400000000000000e+04 7.240500000000000000e+04 6.935700000000000000e+04 6.281500000000000000e+04 4.682400000000000000e+04 6.037300000000000000e+04
4.383300000000000000e+04 5.398800000000000000e+04 4.318200000000000000e+04 3.263500000000000000e+04 2.278100000000000000e+04 3.302600000000000000e+04
3.430400000000000000e+04 4.165900000000000000e+04 2.931900000000000000e+04 1.992900000000000000e+04 1.294200000000000000e+04 1.773800000000000000e+04
