1.204100000000000000e+04 1.585100000000000000e+04 1.337900000000000000e+04 5.051000000000000000e+03 2.428000000000000000e+03 2.840000000000000000e+03
2.832400000000000000e+04 4.805200000000000000e+04 7.814700000000000000e+04 3.940500000000000000e+04 1.347700000000000000e+04 9.302000000000000000e+03
3.221700000000000000e+04 5.669800000000000000e+04 1.119830000000000000e+05 9.807800000000000000e+04 4.637800000000000000e+04 3.078000000000000000e+04
3.108400000000000000e+04 4.845100000000000000e+04 9.450300000000000000e+04 1.227200000000000000e+05 7.664000000000000000e+04 6.107000000000000000e+04
3.085400000000000000e+04 4.069800000000000000e+04 7.396700000000000000e+04 1.186700000000000000e+05 9.032200000000000000e+04 8.691000000000000000e+04
3.232700000000000000e+04 4.000800000000000000e+04 6.455700000000000000e+04 1.021730000000000000e+05 8.442500000000000000e+04 9.416100000000000000e+04
3.704000000000000000e+04 4.649000000000000000e+04 6.725900000000000000e+04 9.116300000000000000e+04 7.336000000000000000e+04 9.318900000000000000e+04
3.947700000000000000e+04 4.985400000000000000e+04 6.209300000000000000e+04 6.958600000000000000e+04 5.260300000000000000e+04 7.478300000000000000e+04
8.233800000000000000e+04 1.045910000000000000e+05 1.029530000000000000e+05 8.995700000000000000e+04 6.532300000000000000e+04 1.028310000000000000e+05
7.527400000000000000e+04 9.001100000000000000e+04 6.048900000000000000e+04 4.343600000000000000e+04 3.007900000000000000e+04 4.974700000000000000e+04
5.863400000000000000e+04 6.580600000000000000e+04 3.545100000000000000e+04 2.175300000000000000e+04 1.435200000000000000e+04 2.265500000000000000e+04
