9.329000000000000000e+03 1.154000000000000000e+03 5.560000000000000000e+02 1.670000000000000000e+02 4.000000000000000000e+01 1.500000000000000000e+01
1.600200000000000000e+04 7.144000000000000000e+03 5.331000000000000000e+03 1.497000000000000000e+03 2.950000000000000000e+02 1.030000000000000000e+02
1.087300000000000000e+04 9.635000000000000000e+03 1.288500000000000000e+04 6.975000000000000000e+03 1.437000000000000000e+03 4.640000000000000000e+02
7.627000000000000000e+03 7.861000000000000000e+03 1.296900000000000000e+04 1.301600000000000000e+04 3.398000000000000000e+03 1.182000000000000000e+03
7.582000000000000000e+03 8.048000000000000000e+03 1.303000000000000000e+04 1.655300000000000000e+04 5.713000000000000000e+03 2.204000000000000000e+03
8.812000000000000000e+03 1.098300000000000000e+04 1.463200000000000000e+04 1.527200000000000000e+04 5.199000000000000000e+03 2.083000000000000000e+03
1.135600000000000000e+04 1.487900000000000000e+04 1.462500000000000000e+04 9.981000000000000000e+03 3.161000000000000000e+03 1.391000000000000000e+03
1.382900000000000000e+04 1.764600000000000000e+04 1.162600000000000000e+04 5.658000000000000000e+03 1.847000000000000000e+03 9.190000000000000000e+02
3.652100000000000000e+04 4.003600000000000000e+04 1.416200000000000000e+04 5.227000000000000000e+03 2.056000000000000000e+03 1.146000000000000000e+03
4.212800000000000000e+04 3.405300000000000000e+04 6.985000000000000000e+03 2.182000000000000000e+03 1.111000000000000000e+03 6.120000000000000000e+02
3.089700000000000000e+04 1.358100000000000000e+04 2.671000000000000000e+03 8.590000000000000000e+02 4.260000000000000000e+02 2.500000000000000000e+02
