2.414600000000000000e+04 4.998000000000000000e+03 5.290000000000000000e+02 9.000000000000000000e+01 2.500000000000000000e+01 2.300000000000000000e+01
1.157420000000000000e+05 4.165400000000000000e+04 5.910000000000000000e+03 1.714000000000000000e+03 3.430000000000000000e+02 1.790000000000000000e+02
1.130970000000000000e+05 6.618000000000000000e+04 2.004000000000000000e+04 1.038700000000000000e+04 3.030000000000000000e+03 1.409000000000000000e+03
8.335400000000000000e+04 5.449500000000000000e+04 3.342600000000000000e+04 2.819600000000000000e+04 9.275000000000000000e+03 4.542000000000000000e+03
6.822800000000000000e+04 4.032700000000000000e+04 3.682500000000000000e+04 4.799300000000000000e+04 1.873600000000000000e+04 8.781000000000000000e+03
5.962400000000000000e+04 3.651100000000000000e+04 3.659000000000000000e+04 5.213900000000000000e+04 2.155900000000000000e+04 9.668000000000000000e+03
5.818700000000000000e+04 4.271100000000000000e+04 3.774200000000000000e+04 4.041600000000000000e+04 1.501200000000000000e+04 6.105000000000000000e+03
7.686700000000000000e+04 6.937300000000000000e+04 4.011600000000000000e+04 2.495400000000000000e+04 7.194000000000000000e+03 3.096000000000000000e+03
1.983610000000000000e+05 2.051250000000000000e+05 4.516700000000000000e+04 1.441200000000000000e+04 3.585000000000000000e+03 1.691000000000000000e+03
2.202230000000000000e+05 2.079110000000000000e+05 1.218500000000000000e+04 2.130000000000000000e+03 5.630000000000000000e+02 4.280000000000000000e+02
2.364710000000000000e+05 1.304720000000000000e+05 5.239000000000000000e+03 7.540000000000000000e+02 2.440000000000000000e+02 1.800000000000000000e+02
