2.127583315224998223e+05 3.255645878141615322e+04 6.144775022255332260e+03 1.829825483625979359e+03 7.717964790240370121e+02 6.293083407345121714e+02
7.134680332728360081e+05 3.148597943162500160e+05 7.438886448981220019e+04 2.150305050648700126e+04 5.470665380103119787e+03 2.651292099406430225e+03
6.985382654411280528e+05 6.070254163865570445e+05 2.909436650986800087e+05 1.289453698550849949e+05 3.212806179534650073e+04 1.126960585789119978e+04
5.804489054736410035e+05 4.793145538890010212e+05 4.852058877574480139e+05 4.202021704539770144e+05 1.197157194763459993e+05 3.799228898446969833e+04
4.918632544892909937e+05 3.366472998092860216e+05 4.410033599696109886e+05 6.470715602818239713e+05 2.457975612892450008e+05 8.079442128447900177e+04
5.297333357195890276e+05 3.615770330847880105e+05 4.759134809992910014e+05 7.472181402270919643e+05 3.192375801354830037e+05 1.126263988389470032e+05
5.998596333081510384e+05 4.934381078729070141e+05 5.603081444423700450e+05 6.300246500325739617e+05 2.494391593483310135e+05 9.510682111247020657e+04
7.115731787609739695e+05 7.580281533060249640e+05 5.720547521722130477e+05 3.884302695469079772e+05 1.362085859582200064e+05 5.789479790584879811e+04
1.676302052603064105e+06 2.241259415204110090e+06 6.707511682952130213e+05 2.611438103431290947e+05 8.551024353733639873e+04 4.568025782422500197e+04
1.501451967368181795e+06 2.031572546926097013e+06 2.365080000747781014e+05 5.888285851528590138e+04 1.936965888286960035e+04 1.170906373620187878e+04
2.310925024678969290e+06 1.645470381755691720e+06 1.301264911362277198e+05 2.315900743718301965e+04 6.350983688033476028e+03 3.165327263868091904e+03
