2.520453903152930195e+02 1.430044081496299953e+02 8.081855967873420354e+01 6.370497891642060040e+01 4.709591825624229955e+01 6.919954789984637955e+01
8.466502596258510493e+02 7.343343173662079835e+02 6.594993968865489933e+02 3.837592739619159943e+02 1.602768484980419998e+02 2.926979111409319785e+02
1.153924732392049918e+03 1.364446514593689926e+03 1.272967938466099895e+03 9.774094382356339565e+02 5.875441862118290146e+02 8.784971228181550487e+02
1.505922542361880005e+03 1.512896155063900096e+03 1.687107710498790084e+03 1.366472067078710097e+03 8.167593414386600443e+02 1.488143914496909929e+03
1.377248635420819937e+03 1.277987450425440102e+03 1.443025170246959988e+03 1.788005833073390022e+03 1.115489308770260095e+03 2.158406129581129790e+03
1.457191837530720022e+03 1.384207992057100000e+03 1.598425494448769996e+03 1.774857205591960110e+03 1.262974180960759895e+03 2.573361772801370080e+03
1.678186513339999919e+03 1.468836795661550013e+03 1.492971678639419906e+03 1.504566335612619923e+03 9.086323665505749432e+02 1.891519299274549894e+03
1.707243895523680067e+03 1.797115379144240023e+03 1.340454865732300050e+03 1.100219719222599906e+03 7.403957467696210415e+02 1.162394238633439954e+03
3.516966417593370352e+03 3.215526681794130127e+03 1.873965726842026925e+03 1.233318757297814045e+03 7.276813105465620310e+02 1.312608443147290018e+03
1.974002000403836064e+03 1.831907990950104022e+03 6.436059583195029745e+02 3.323682253507392943e+02 2.245667257635312808e+02 3.385999881812393824e+02
1.372351037173607892e+03 9.849870027079396095e+02 3.150585952855570895e+02 8.274944781971413477e+01 4.368268170461595901e+01 1.030107758985888182e+02
