1.664300000000000000e+05 2.875600000000000000e+04 5.838000000000000000e+03 1.769000000000000000e+03 5.660000000000000000e+02 4.150000000000000000e+02
9.643500000000000000e+05 3.070730000000000000e+05 7.256700000000000000e+04 2.001500000000000000e+04 5.288000000000000000e+03 3.163000000000000000e+03
1.252841000000000000e+06 6.577970000000000000e+05 2.550310000000000000e+05 1.065310000000000000e+05 2.708300000000000000e+04 1.273900000000000000e+04
9.981130000000000000e+05 6.282400000000000000e+05 4.513680000000000000e+05 3.123640000000000000e+05 8.252200000000000000e+04 3.283800000000000000e+04
7.726230000000000000e+05 5.060280000000000000e+05 5.197580000000000000e+05 5.526430000000000000e+05 1.682070000000000000e+05 6.637000000000000000e+04
9.746260000000000000e+05 6.955180000000000000e+05 7.204200000000000000e+05 8.447590000000000000e+05 2.672210000000000000e+05 1.095220000000000000e+05
1.095094000000000000e+06 9.338750000000000000e+05 8.382520000000000000e+05 8.359600000000000000e+05 2.697600000000000000e+05 1.164220000000000000e+05
1.004591000000000000e+06 1.106365000000000000e+06 7.574080000000000000e+05 5.304940000000000000e+05 1.620300000000000000e+05 7.222300000000000000e+04
1.755935000000000000e+06 2.717230000000000000e+06 9.607820000000000000e+05 3.938210000000000000e+05 1.192870000000000000e+05 7.164300000000000000e+04
1.975614000000000000e+06 2.967628000000000000e+06 3.981920000000000000e+05 8.859400000000000000e+04 3.295400000000000000e+04 3.078300000000000000e+04
2.702377000000000000e+06 1.974920000000000000e+06 1.836190000000000000e+05 2.855200000000000000e+04 8.722000000000000000e+03 6.810000000000000000e+03
