2.956500000000000000e+04 2.114300000000000000e+04 1.327100000000000000e+04 8.179000000000000000e+03 5.139000000000000000e+03 9.537000000000000000e+03
1.286350000000000000e+05 8.155300000000000000e+04 5.701100000000000000e+04 3.176800000000000000e+04 1.596400000000000000e+04 2.346300000000000000e+04
1.829040000000000000e+05 1.234100000000000000e+05 1.170860000000000000e+05 8.706100000000000000e+04 4.943900000000000000e+04 5.833600000000000000e+04
1.301940000000000000e+05 1.005190000000000000e+05 1.209440000000000000e+05 1.238720000000000000e+05 9.340200000000000000e+04 1.295790000000000000e+05
9.004800000000000000e+04 7.344300000000000000e+04 9.262300000000000000e+04 1.155830000000000000e+05 1.127410000000000000e+05 2.051860000000000000e+05
7.022000000000000000e+04 5.944100000000000000e+04 7.147200000000000000e+04 8.971000000000000000e+04 9.852200000000000000e+04 2.442180000000000000e+05
6.033700000000000000e+04 5.186800000000000000e+04 5.904300000000000000e+04 7.015400000000000000e+04 7.533700000000000000e+04 2.216870000000000000e+05
5.974100000000000000e+04 5.440300000000000000e+04 5.833800000000000000e+04 6.370800000000000000e+04 6.425100000000000000e+04 2.047700000000000000e+05
8.760200000000000000e+04 7.588100000000000000e+04 7.637200000000000000e+04 7.876400000000000000e+04 7.455400000000000000e+04 2.499030000000000000e+05
6.708400000000000000e+04 5.427400000000000000e+04 4.945400000000000000e+04 4.683900000000000000e+04 4.153100000000000000e+04 1.534770000000000000e+05
5.437000000000000000e+04 4.216300000000000000e+04 3.568600000000000000e+04 3.294100000000000000e+04 2.865500000000000000e+04 1.087680000000000000e+05
