1.937100000000000000e+04 6.877000000000000000e+03 1.984000000000000000e+03 8.130000000000000000e+02 2.900000000000000000e+02 1.790000000000000000e+02
4.458600000000000000e+04 2.711400000000000000e+04 1.138500000000000000e+04 4.506000000000000000e+03 1.644000000000000000e+03 1.304000000000000000e+03
4.576800000000000000e+04 5.529900000000000000e+04 4.102800000000000000e+04 1.969600000000000000e+04 5.428000000000000000e+03 3.642000000000000000e+03
4.628000000000000000e+04 6.592200000000000000e+04 7.858600000000000000e+04 7.052700000000000000e+04 1.703600000000000000e+04 8.886000000000000000e+03
3.607800000000000000e+04 4.591600000000000000e+04 7.123400000000000000e+04 1.170110000000000000e+05 3.360200000000000000e+04 1.693000000000000000e+04
3.398800000000000000e+04 4.271500000000000000e+04 7.097300000000000000e+04 1.394680000000000000e+05 4.751200000000000000e+04 2.372200000000000000e+04
3.379400000000000000e+04 4.891300000000000000e+04 8.010700000000000000e+04 1.251970000000000000e+05 4.473700000000000000e+04 2.167800000000000000e+04
4.001900000000000000e+04 6.810400000000000000e+04 9.273300000000000000e+04 1.036770000000000000e+05 3.604700000000000000e+04 1.680000000000000000e+04
1.055900000000000000e+05 2.031610000000000000e+05 1.680450000000000000e+05 1.139180000000000000e+05 3.821600000000000000e+04 2.246000000000000000e+04
1.738060000000000000e+05 3.001760000000000000e+05 1.184140000000000000e+05 4.688100000000000000e+04 1.778400000000000000e+04 1.777000000000000000e+04
1.443800000000000000e+05 1.646680000000000000e+05 3.736200000000000000e+04 1.098200000000000000e+04 5.250000000000000000e+03 6.423000000000000000e+03
