4.483605685066680167e+02 1.355053029491839993e+02 7.242036769857989498e+01 3.272494944412260054e+01 7.546080098740300279e+00 9.997571071790920527e+00
1.158551868348300104e+03 1.153041952164840040e+03 5.956034181639560074e+02 1.633881647554619860e+02 5.180781865048899704e+01 3.891447572974990265e+01
1.830369439913539964e+03 2.201822081838350186e+03 1.584696566150159924e+03 6.316537128089529460e+02 2.390562128582949981e+02 7.571413294152050355e+01
2.298949419489380034e+03 2.537923283179310147e+03 2.423040949768419978e+03 1.366654283251810057e+03 4.854675570748220252e+02 2.157906641849509981e+02
2.670206746170199949e+03 2.422187319720620053e+03 3.311216290759879939e+03 2.759192124919440175e+03 1.034785136889759997e+03 4.906193007334010190e+02
3.770708288634350083e+03 3.316728159413520189e+03 3.917560138970050048e+03 3.814557510945649938e+03 1.581233835307300069e+03 6.765486305922560177e+02
4.766091020214869786e+03 4.302033281712790085e+03 4.292125329516629790e+03 4.113972550760119702e+03 1.598088312782259891e+03 6.687717890093920232e+02
6.384174499562080200e+03 5.368877850736669643e+03 4.249566541163319926e+03 3.275551148035519873e+03 1.215488559295909909e+03 4.757203079212320063e+02
1.386625260934734979e+04 1.171685711542204081e+04 5.271384121609489739e+03 2.771783414120090129e+03 9.777620390521219633e+02 4.902675029703090104e+02
1.087621743234546011e+04 9.383699149611909888e+03 2.560026040566940082e+03 9.280847643528400113e+02 3.244571914841540092e+02 2.011645670040282141e+02
1.121696212175017172e+04 8.022519805817843917e+03 1.945033467371496499e+03 6.521278464836142348e+02 1.788234910033240226e+02 1.396028543054007400e+02
