7.128000000000000000e+03 1.636000000000000000e+03 1.099000000000000000e+03 3.220000000000000000e+02 1.300000000000000000e+02 2.040000000000000000e+02
3.945600000000000000e+04 1.735300000000000000e+04 9.835000000000000000e+03 4.476000000000000000e+03 1.950000000000000000e+03 1.689000000000000000e+03
6.512900000000000000e+04 4.899400000000000000e+04 3.045800000000000000e+04 1.459400000000000000e+04 7.054000000000000000e+03 4.625000000000000000e+03
8.511500000000000000e+04 7.492300000000000000e+04 8.421800000000000000e+04 5.567000000000000000e+04 1.982800000000000000e+04 1.012400000000000000e+04
7.979200000000000000e+04 7.060300000000000000e+04 1.080260000000000000e+05 1.039510000000000000e+05 3.844900000000000000e+04 1.658700000000000000e+04
6.752300000000000000e+04 6.453700000000000000e+04 9.973200000000000000e+04 1.053580000000000000e+05 4.112200000000000000e+04 1.743100000000000000e+04
6.319800000000000000e+04 6.798200000000000000e+04 8.814200000000000000e+04 8.064500000000000000e+04 2.984300000000000000e+04 1.341000000000000000e+04
8.671700000000000000e+04 9.977300000000000000e+04 9.867800000000000000e+04 6.521900000000000000e+04 2.194600000000000000e+04 1.010700000000000000e+04
2.646400000000000000e+05 3.191000000000000000e+05 1.786280000000000000e+05 7.082100000000000000e+04 2.079100000000000000e+04 1.032300000000000000e+04
2.634190000000000000e+05 2.601380000000000000e+05 6.701100000000000000e+04 1.554800000000000000e+04 4.439000000000000000e+03 2.241000000000000000e+03
2.950210000000000000e+05 1.766380000000000000e+05 2.536200000000000000e+04 4.673000000000000000e+03 1.425000000000000000e+03 7.090000000000000000e+02
