2.423300000000000000e+04 2.079800000000000000e+04 7.596000000000000000e+03 2.047000000000000000e+03 6.070000000000000000e+02 3.700000000000000000e+02
7.341200000000000000e+04 2.640390000000000000e+05 1.454250000000000000e+05 3.063200000000000000e+04 5.572000000000000000e+03 2.177000000000000000e+03
1.253900000000000000e+05 7.805290000000000000e+05 8.356040000000000000e+05 2.776990000000000000e+05 4.618600000000000000e+04 1.394800000000000000e+04
1.368270000000000000e+05 7.088960000000000000e+05 1.420129000000000000e+06 9.301690000000000000e+05 1.868830000000000000e+05 5.560400000000000000e+04
1.163040000000000000e+05 3.399900000000000000e+05 1.017366000000000000e+06 1.334362000000000000e+06 4.041610000000000000e+05 1.371520000000000000e+05
9.488800000000000000e+04 2.004620000000000000e+05 6.147430000000000000e+05 1.230092000000000000e+06 5.099240000000000000e+05 1.971190000000000000e+05
1.045150000000000000e+05 2.173830000000000000e+05 5.802020000000000000e+05 1.033387000000000000e+06 4.704450000000000000e+05 2.035470000000000000e+05
1.193400000000000000e+05 3.069660000000000000e+05 5.894220000000000000e+05 7.107620000000000000e+05 3.204510000000000000e+05 1.561000000000000000e+05
3.265820000000000000e+05 8.803810000000000000e+05 9.909430000000000000e+05 7.698890000000000000e+05 3.574510000000000000e+05 2.168790000000000000e+05
3.970880000000000000e+05 6.744070000000000000e+05 4.431970000000000000e+05 2.520620000000000000e+05 1.158860000000000000e+05 7.749000000000000000e+04
5.277380000000000000e+05 5.941260000000000000e+05 2.219930000000000000e+05 1.020170000000000000e+05 4.544600000000000000e+04 3.206000000000000000e+04
