5.437000000000000000e+03 7.535000000000000000e+03 4.820000000000000000e+03 2.500000000000000000e+03 1.005000000000000000e+03 5.980000000000000000e+02
5.437000000000000000e+03 7.535000000000000000e+03 4.820000000000000000e+03 2.500000000000000000e+03 1.005000000000000000e+03 5.980000000000000000e+02
2.218000000000000000e+04 5.369500000000000000e+04 2.968400000000000000e+04 1.521200000000000000e+04 4.950000000000000000e+03 2.226000000000000000e+03
3.307600000000000000e+04 5.837600000000000000e+04 4.314000000000000000e+04 3.234100000000000000e+04 1.246400000000000000e+04 5.498000000000000000e+03
3.217700000000000000e+04 3.491700000000000000e+04 3.405700000000000000e+04 4.689400000000000000e+04 2.615900000000000000e+04 1.166000000000000000e+04
2.888600000000000000e+04 2.485300000000000000e+04 2.673300000000000000e+04 4.620400000000000000e+04 3.208400000000000000e+04 1.703700000000000000e+04
2.855300000000000000e+04 2.463600000000000000e+04 2.590600000000000000e+04 4.147000000000000000e+04 2.900500000000000000e+04 1.605500000000000000e+04
3.068500000000000000e+04 2.989600000000000000e+04 2.935100000000000000e+04 3.378100000000000000e+04 1.984300000000000000e+04 1.059200000000000000e+04
6.713400000000000000e+04 8.750100000000000000e+04 5.527500000000000000e+04 3.443300000000000000e+04 1.495600000000000000e+04 7.667000000000000000e+03
6.316600000000000000e+04 8.437000000000000000e+04 2.616500000000000000e+04 9.180000000000000000e+03 3.059000000000000000e+03 1.633000000000000000e+03
7.312900000000000000e+04 5.873000000000000000e+04 1.329900000000000000e+04 3.233000000000000000e+03 8.860000000000000000e+02 5.390000000000000000e+02
