1.154800000000000000e+04 4.109000000000000000e+03 2.359000000000000000e+03 1.473000000000000000e+03 8.820000000000000000e+02 8.640000000000000000e+02
3.728900000000000000e+04 3.012000000000000000e+04 1.818800000000000000e+04 9.243000000000000000e+03 3.350000000000000000e+03 1.569000000000000000e+03
5.000100000000000000e+04 6.248300000000000000e+04 4.076900000000000000e+04 3.161900000000000000e+04 1.608300000000000000e+04 9.994000000000000000e+03
4.173400000000000000e+04 4.122600000000000000e+04 5.117300000000000000e+04 6.810300000000000000e+04 3.561300000000000000e+04 3.227300000000000000e+04
2.661800000000000000e+04 2.129100000000000000e+04 3.110400000000000000e+04 6.715900000000000000e+04 5.728800000000000000e+04 5.133500000000000000e+04
1.987700000000000000e+04 1.643100000000000000e+04 2.355400000000000000e+04 4.684100000000000000e+04 5.676100000000000000e+04 5.604900000000000000e+04
2.014200000000000000e+04 2.147800000000000000e+04 3.026400000000000000e+04 4.699000000000000000e+04 4.959200000000000000e+04 4.691200000000000000e+04
2.407100000000000000e+04 3.404700000000000000e+04 4.308700000000000000e+04 4.468000000000000000e+04 3.253600000000000000e+04 2.631800000000000000e+04
7.128100000000000000e+04 1.354410000000000000e+05 8.405600000000000000e+04 4.727000000000000000e+04 2.262500000000000000e+04 1.718300000000000000e+04
7.636500000000000000e+04 1.149180000000000000e+05 2.493000000000000000e+04 9.171000000000000000e+03 3.675000000000000000e+03 3.844000000000000000e+03
1.072340000000000000e+05 8.329700000000000000e+04 1.049200000000000000e+04 2.704000000000000000e+03 1.008000000000000000e+03 1.324000000000000000e+03
