5.452800000000000000e+04 2.644200000000000000e+04 1.614800000000000000e+04 4.393000000000000000e+03 1.005000000000000000e+03 3.570000000000000000e+02
5.452800000000000000e+04 2.644200000000000000e+04 1.614800000000000000e+04 4.393000000000000000e+03 1.005000000000000000e+03 3.570000000000000000e+02
3.419880000000000000e+05 1.753470000000000000e+05 1.189210000000000000e+05 4.684200000000000000e+04 1.106900000000000000e+04 5.030000000000000000e+03
4.955870000000000000e+05 3.281140000000000000e+05 3.304570000000000000e+05 1.913900000000000000e+05 4.144100000000000000e+04 1.440700000000000000e+04
5.705810000000000000e+05 3.674500000000000000e+05 5.068850000000000000e+05 4.982440000000000000e+05 1.109230000000000000e+05 3.102400000000000000e+04
5.630600000000000000e+05 3.509360000000000000e+05 5.379900000000000000e+05 7.264200000000000000e+05 1.846720000000000000e+05 4.951600000000000000e+04
5.502370000000000000e+05 3.660140000000000000e+05 5.722890000000000000e+05 7.799440000000000000e+05 2.103650000000000000e+05 5.802600000000000000e+04
4.980460000000000000e+05 3.772590000000000000e+05 5.604300000000000000e+05 6.386040000000000000e+05 1.730840000000000000e+05 4.933300000000000000e+04
9.980070000000000000e+05 1.209131000000000000e+06 1.135458000000000000e+06 7.317550000000000000e+05 1.930580000000000000e+05 6.694800000000000000e+04
1.208422000000000000e+06 1.720182000000000000e+06 6.978900000000000000e+05 2.375120000000000000e+05 7.665300000000000000e+04 4.137000000000000000e+04
2.295983000000000000e+06 1.728414000000000000e+06 4.050940000000000000e+05 1.186390000000000000e+05 5.687800000000000000e+04 3.183500000000000000e+04
