3.734000000000000000e+03 1.648000000000000000e+03 8.200000000000000000e+02 3.310000000000000000e+02 1.280000000000000000e+02 1.180000000000000000e+02
1.829000000000000000e+04 1.061000000000000000e+04 7.268000000000000000e+03 3.362000000000000000e+03 1.424000000000000000e+03 1.048000000000000000e+03
2.503400000000000000e+04 1.695700000000000000e+04 1.627100000000000000e+04 1.007900000000000000e+04 4.625000000000000000e+03 3.627000000000000000e+03
2.187800000000000000e+04 1.537100000000000000e+04 1.761900000000000000e+04 1.453500000000000000e+04 8.069000000000000000e+03 7.058000000000000000e+03
2.219500000000000000e+04 1.517300000000000000e+04 1.837300000000000000e+04 1.845500000000000000e+04 1.166400000000000000e+04 1.205600000000000000e+04
2.310700000000000000e+04 1.526900000000000000e+04 1.775200000000000000e+04 1.865000000000000000e+04 1.266000000000000000e+04 1.480500000000000000e+04
2.409100000000000000e+04 1.589000000000000000e+04 1.650200000000000000e+04 1.627100000000000000e+04 1.104600000000000000e+04 1.381600000000000000e+04
2.355300000000000000e+04 1.607500000000000000e+04 1.514800000000000000e+04 1.356700000000000000e+04 9.182000000000000000e+03 1.291500000000000000e+04
3.729000000000000000e+04 2.587300000000000000e+04 2.061000000000000000e+04 1.621600000000000000e+04 1.108600000000000000e+04 1.787100000000000000e+04
2.526200000000000000e+04 1.974900000000000000e+04 1.153700000000000000e+04 8.190000000000000000e+03 5.662000000000000000e+03 1.022100000000000000e+04
2.204500000000000000e+04 1.863600000000000000e+04 9.162000000000000000e+03 5.637000000000000000e+03 3.568000000000000000e+03 6.386000000000000000e+03
