2.877510000000000000e+05 5.056000000000000000e+03 1.475000000000000000e+03 2.300000000000000000e+02 4.300000000000000000e+01 1.900000000000000000e+01
1.690552000000000000e+06 1.280190000000000000e+05 4.972400000000000000e+04 1.719500000000000000e+04 3.087000000000000000e+03 8.260000000000000000e+02
1.786904000000000000e+06 4.630760000000000000e+05 2.391940000000000000e+05 1.141590000000000000e+05 2.831000000000000000e+04 7.321000000000000000e+03
1.257834000000000000e+06 5.424830000000000000e+05 5.202960000000000000e+05 4.379820000000000000e+05 1.266150000000000000e+05 3.228700000000000000e+04
1.036189000000000000e+06 5.142650000000000000e+05 6.203910000000000000e+05 8.264520000000000000e+05 3.011850000000000000e+05 8.092800000000000000e+04
1.029851000000000000e+06 6.065170000000000000e+05 7.378990000000000000e+05 1.085442000000000000e+06 3.944280000000000000e+05 1.098640000000000000e+05
1.279028000000000000e+06 9.038980000000000000e+05 9.730140000000000000e+05 1.196927000000000000e+06 3.860330000000000000e+05 1.099430000000000000e+05
1.283940000000000000e+06 1.069103000000000000e+06 9.769220000000000000e+05 8.823090000000000000e+05 2.515590000000000000e+05 7.654100000000000000e+04
2.379584000000000000e+06 2.733764000000000000e+06 1.864752000000000000e+06 1.018624000000000000e+06 2.737970000000000000e+05 1.258140000000000000e+05
2.909098000000000000e+06 4.288522000000000000e+06 1.819256000000000000e+06 5.922460000000000000e+05 1.780010000000000000e+05 2.050360000000000000e+05
3.807708000000000000e+06 4.325175000000000000e+06 1.388926000000000000e+06 4.272070000000000000e+05 1.725710000000000000e+05 1.590790000000000000e+05
