3.114800000000000000e+04 1.807800000000000000e+04 1.261600000000000000e+04 8.428000000000000000e+03 4.150000000000000000e+03 4.586000000000000000e+03
4.687400000000000000e+04 4.450700000000000000e+04 4.322000000000000000e+04 2.062100000000000000e+04 8.506000000000000000e+03 8.238000000000000000e+03
4.186300000000000000e+04 5.472500000000000000e+04 8.733100000000000000e+04 6.194700000000000000e+04 2.218100000000000000e+04 1.768500000000000000e+04
3.824300000000000000e+04 5.284300000000000000e+04 9.165300000000000000e+04 1.121410000000000000e+05 5.516400000000000000e+04 4.273900000000000000e+04
3.682700000000000000e+04 5.501500000000000000e+04 8.873300000000000000e+04 1.285190000000000000e+05 8.420100000000000000e+04 7.894500000000000000e+04
3.820900000000000000e+04 6.141300000000000000e+04 9.484200000000000000e+04 1.297450000000000000e+05 9.305700000000000000e+04 9.765600000000000000e+04
4.971500000000000000e+04 8.582300000000000000e+04 1.181710000000000000e+05 1.287820000000000000e+05 8.873900000000000000e+04 1.067200000000000000e+05
5.216300000000000000e+04 9.562900000000000000e+04 1.029670000000000000e+05 8.756000000000000000e+04 6.076600000000000000e+04 9.557500000000000000e+04
1.026410000000000000e+05 1.657750000000000000e+05 1.189590000000000000e+05 8.565300000000000000e+04 6.422000000000000000e+04 1.303010000000000000e+05
2.022070000000000000e+05 2.010380000000000000e+05 8.970600000000000000e+04 6.180200000000000000e+04 5.402500000000000000e+04 1.261730000000000000e+05
0.000000000000000000e+00 0.000000000000000000e+00 0.000000000000000000e+00 0.000000000000000000e+00 0.000000000000000000e+00 0.000000000000000000e+00
