5.714600000000000000e+04 4.396500000000000000e+04 3.172300000000000000e+04 1.682500000000000000e+04 9.257000000000000000e+03 1.024700000000000000e+04
3.519680000000000000e+05 2.219930000000000000e+05 1.964890000000000000e+05 1.029360000000000000e+05 4.853200000000000000e+04 4.334000000000000000e+04
4.191090000000000000e+05 2.672970000000000000e+05 3.515630000000000000e+05 2.677710000000000000e+05 1.458970000000000000e+05 1.326520000000000000e+05
3.344800000000000000e+05 2.000830000000000000e+05 3.052990000000000000e+05 3.627390000000000000e+05 2.672250000000000000e+05 3.213950000000000000e+05
2.471160000000000000e+05 1.341150000000000000e+05 1.827560000000000000e+05 2.731190000000000000e+05 2.564660000000000000e+05 3.843740000000000000e+05
2.111140000000000000e+05 1.179400000000000000e+05 1.433830000000000000e+05 2.039630000000000000e+05 2.231570000000000000e+05 4.516170000000000000e+05
1.786730000000000000e+05 1.077200000000000000e+05 1.212450000000000000e+05 1.566000000000000000e+05 1.670070000000000000e+05 3.950170000000000000e+05
1.394800000000000000e+05 9.406200000000000000e+04 1.007720000000000000e+05 1.165740000000000000e+05 1.143180000000000000e+05 2.883880000000000000e+05
2.234380000000000000e+05 1.815240000000000000e+05 1.796150000000000000e+05 1.780850000000000000e+05 1.612420000000000000e+05 4.333190000000000000e+05
1.595380000000000000e+05 1.508070000000000000e+05 1.249540000000000000e+05 1.080040000000000000e+05 8.956100000000000000e+04 2.241540000000000000e+05
1.273570000000000000e+05 1.083260000000000000e+05 7.359500000000000000e+04 5.498200000000000000e+04 4.149100000000000000e+04 9.080500000000000000e+04
