7.720000000000000000e+02 1.069000000000000000e+03 1.116000000000000000e+03 7.040000000000000000e+02 3.830000000000000000e+02 5.820000000000000000e+02
2.991000000000000000e+03 4.852000000000000000e+03 8.974000000000000000e+03 7.363000000000000000e+03 3.821000000000000000e+03 4.499000000000000000e+03
3.437000000000000000e+03 7.762000000000000000e+03 2.181800000000000000e+04 2.604500000000000000e+04 1.551100000000000000e+04 1.816200000000000000e+04
2.463000000000000000e+03 6.855000000000000000e+03 2.243900000000000000e+04 4.009900000000000000e+04 2.845500000000000000e+04 3.813800000000000000e+04
2.213000000000000000e+03 6.087000000000000000e+03 1.861200000000000000e+04 4.241200000000000000e+04 3.670300000000000000e+04 5.554200000000000000e+04
2.011000000000000000e+03 6.052000000000000000e+03 1.593900000000000000e+04 3.441900000000000000e+04 3.377000000000000000e+04 6.318200000000000000e+04
2.141000000000000000e+03 7.170000000000000000e+03 1.639400000000000000e+04 2.851100000000000000e+04 2.885800000000000000e+04 6.623300000000000000e+04
2.291000000000000000e+03 7.875000000000000000e+03 1.533100000000000000e+04 2.179500000000000000e+04 2.332300000000000000e+04 6.662700000000000000e+04
3.959000000000000000e+03 1.332300000000000000e+04 2.087700000000000000e+04 2.625700000000000000e+04 2.927700000000000000e+04 9.739900000000000000e+04
2.959000000000000000e+03 7.770000000000000000e+03 9.168000000000000000e+03 1.042700000000000000e+04 1.229000000000000000e+04 4.191500000000000000e+04
1.981000000000000000e+03 4.571000000000000000e+03 4.028000000000000000e+03 4.249000000000000000e+03 4.963000000000000000e+03 1.617200000000000000e+04
