5.393000000000000000e+03 2.180000000000000000e+03 1.607000000000000000e+03 9.710000000000000000e+02 3.970000000000000000e+02 2.240000000000000000e+02
1.376100000000000000e+04 8.868000000000000000e+03 7.745000000000000000e+03 4.109000000000000000e+03 1.535000000000000000e+03 1.013000000000000000e+03
1.846300000000000000e+04 1.290200000000000000e+04 1.482500000000000000e+04 8.076000000000000000e+03 2.893000000000000000e+03 1.871000000000000000e+03
1.566400000000000000e+04 1.177800000000000000e+04 1.590200000000000000e+04 1.342800000000000000e+04 4.799000000000000000e+03 2.860000000000000000e+03
1.574000000000000000e+04 1.295200000000000000e+04 1.703000000000000000e+04 1.813000000000000000e+04 7.405000000000000000e+03 4.186000000000000000e+03
1.605500000000000000e+04 1.438600000000000000e+04 1.797000000000000000e+04 1.691900000000000000e+04 7.348000000000000000e+03 4.219000000000000000e+03
1.978000000000000000e+04 1.868700000000000000e+04 1.888000000000000000e+04 1.417900000000000000e+04 5.878000000000000000e+03 3.503000000000000000e+03
2.394900000000000000e+04 2.400900000000000000e+04 1.882300000000000000e+04 1.071200000000000000e+04 4.349000000000000000e+03 2.978000000000000000e+03
5.166200000000000000e+04 5.044300000000000000e+04 2.455400000000000000e+04 1.057500000000000000e+04 4.462000000000000000e+03 3.375000000000000000e+03
5.973200000000000000e+04 4.620100000000000000e+04 1.370600000000000000e+04 4.727000000000000000e+03 2.276000000000000000e+03 1.839000000000000000e+03
5.571000000000000000e+04 2.988000000000000000e+04 7.173000000000000000e+03 2.218000000000000000e+03 1.118000000000000000e+03 8.410000000000000000e+02
