1.000000000000000000e+01 2.000000000000000000e+00 0.000000000000000000e+00 0.000000000000000000e+00 0.000000000000000000e+00 0.000000000000000000e+00
1.850000000000000000e+02 8.200000000000000000e+01 1.600000000000000000e+01 1.000000000000000000e+00 1.000000000000000000e+00 0.000000000000000000e+00
4.610000000000000000e+02 2.650000000000000000e+02 9.400000000000000000e+01 4.100000000000000000e+01 6.000000000000000000e+00 7.000000000000000000e+00
4.410000000000000000e+02 2.770000000000000000e+02 1.990000000000000000e+02 1.620000000000000000e+02 4.400000000000000000e+01 1.500000000000000000e+01
4.780000000000000000e+02 2.740000000000000000e+02 2.450000000000000000e+02 2.980000000000000000e+02 1.050000000000000000e+02 2.200000000000000000e+01
4.030000000000000000e+02 2.570000000000000000e+02 2.720000000000000000e+02 4.270000000000000000e+02 1.630000000000000000e+02 4.000000000000000000e+01
5.060000000000000000e+02 4.160000000000000000e+02 3.080000000000000000e+02 5.360000000000000000e+02 1.730000000000000000e+02 5.900000000000000000e+01
5.440000000000000000e+02 5.320000000000000000e+02 3.680000000000000000e+02 3.910000000000000000e+02 1.450000000000000000e+02 3.900000000000000000e+01
1.008000000000000000e+03 1.228000000000000000e+03 5.890000000000000000e+02 3.760000000000000000e+02 9.100000000000000000e+01 2.600000000000000000e+01
8.960000000000000000e+02 1.056000000000000000e+03 1.760000000000000000e+02 2.600000000000000000e+01 9.000000000000000000e+00 9.000000000000000000e+00
8.670000000000000000e+02 7.080000000000000000e+02 1.140000000000000000e+02 1.400000000000000000e+01 3.000000000000000000e+00 0.000000000000000000e+00
