8.340000000000000000e+02 2.250000000000000000e+02 4.800000000000000000e+01 1.920000000000000000e+03 5.320000000000000000e+02 0.000000000000000000e+00
1.093300000000000000e+04 2.370000000000000000e+03 1.616000000000000000e+03 4.470000000000000000e+02 7.300000000000000000e+01 3.400000000000000000e+01
2.139100000000000000e+04 1.124700000000000000e+04 1.005400000000000000e+04 3.900000000000000000e+03 8.180000000000000000e+02 2.800000000000000000e+02
1.939500000000000000e+04 1.564700000000000000e+04 2.349400000000000000e+04 1.745500000000000000e+04 3.707000000000000000e+03 1.102000000000000000e+03
1.548700000000000000e+04 1.188000000000000000e+04 2.270600000000000000e+04 3.124000000000000000e+04 8.516000000000000000e+03 2.448000000000000000e+03
1.657000000000000000e+04 1.178200000000000000e+04 2.045200000000000000e+04 3.300900000000000000e+04 1.092700000000000000e+04 3.487000000000000000e+03
2.356000000000000000e+04 1.765400000000000000e+04 2.526700000000000000e+04 2.845800000000000000e+04 9.357000000000000000e+03 3.590000000000000000e+03
3.234400000000000000e+04 2.781700000000000000e+04 3.030500000000000000e+04 2.044900000000000000e+04 6.458000000000000000e+03 3.065000000000000000e+03
9.150200000000000000e+04 9.612400000000000000e+04 4.874500000000000000e+04 1.725000000000000000e+04 5.699000000000000000e+03 5.393000000000000000e+03
8.435200000000000000e+04 8.234600000000000000e+04 1.854900000000000000e+04 3.958000000000000000e+03 1.877000000000000000e+03 2.998000000000000000e+03
1.109020000000000000e+05 6.817500000000000000e+04 1.028700000000000000e+04 2.227000000000000000e+03 1.317000000000000000e+03 1.765000000000000000e+03
