1.900000000000000000e+02 6.500000000000000000e+01 3.500000000000000000e+01 2.000000000000000000e+01 5.000000000000000000e+00 3.000000000000000000e+00
2.478000000000000000e+03 1.119000000000000000e+03 4.540000000000000000e+02 1.440000000000000000e+02 3.300000000000000000e+01 2.800000000000000000e+01
7.197000000000000000e+03 3.851000000000000000e+03 1.889000000000000000e+03 8.090000000000000000e+02 2.320000000000000000e+02 7.900000000000000000e+01
7.588000000000000000e+03 4.623000000000000000e+03 3.714000000000000000e+03 2.766000000000000000e+03 8.800000000000000000e+02 3.040000000000000000e+02
6.255000000000000000e+03 3.626000000000000000e+03 4.025000000000000000e+03 5.079000000000000000e+03 1.994000000000000000e+03 7.770000000000000000e+02
6.078000000000000000e+03 3.660000000000000000e+03 4.189000000000000000e+03 6.430000000000000000e+03 2.779000000000000000e+03 1.157000000000000000e+03
5.957000000000000000e+03 3.854000000000000000e+03 4.446000000000000000e+03 6.373000000000000000e+03 2.812000000000000000e+03 1.163000000000000000e+03
5.390000000000000000e+03 4.635000000000000000e+03 4.480000000000000000e+03 4.654000000000000000e+03 1.813000000000000000e+03 7.410000000000000000e+02
9.245000000000000000e+03 1.189300000000000000e+04 6.492000000000000000e+03 3.891000000000000000e+03 1.378000000000000000e+03 6.660000000000000000e+02
8.233000000000000000e+03 1.126900000000000000e+04 2.350000000000000000e+03 7.590000000000000000e+02 2.840000000000000000e+02 2.070000000000000000e+02
1.091800000000000000e+04 8.473000000000000000e+03 1.111000000000000000e+03 3.000000000000000000e+02 1.230000000000000000e+02 1.000000000000000000e+02
