7.600000000000000000e+01 3.000000000000000000e+01 2.500000000000000000e+01 2.100000000000000000e+01 8.000000000000000000e+00 1.900000000000000000e+01
3.460000000000000000e+02 3.310000000000000000e+02 2.560000000000000000e+02 1.930000000000000000e+02 1.360000000000000000e+02 2.830000000000000000e+02
7.860000000000000000e+02 7.850000000000000000e+02 9.280000000000000000e+02 7.830000000000000000e+02 5.530000000000000000e+02 1.249000000000000000e+03
7.060000000000000000e+02 6.600000000000000000e+02 1.313000000000000000e+03 1.475000000000000000e+03 1.057000000000000000e+03 1.955000000000000000e+03
5.600000000000000000e+02 4.680000000000000000e+02 1.075000000000000000e+03 1.731000000000000000e+03 1.526000000000000000e+03 2.506000000000000000e+03
5.230000000000000000e+02 5.140000000000000000e+02 1.025000000000000000e+03 1.697000000000000000e+03 1.586000000000000000e+03 3.056000000000000000e+03
5.210000000000000000e+02 5.350000000000000000e+02 9.340000000000000000e+02 1.338000000000000000e+03 1.342000000000000000e+03 3.729000000000000000e+03
4.910000000000000000e+02 5.080000000000000000e+02 6.610000000000000000e+02 8.860000000000000000e+02 1.034000000000000000e+03 3.873000000000000000e+03
6.000000000000000000e+02 7.910000000000000000e+02 8.130000000000000000e+02 1.000000000000000000e+03 1.025000000000000000e+03 5.006000000000000000e+03
4.510000000000000000e+02 5.690000000000000000e+02 4.020000000000000000e+02 4.330000000000000000e+02 4.930000000000000000e+02 2.171000000000000000e+03
3.380000000000000000e+02 3.810000000000000000e+02 2.350000000000000000e+02 2.350000000000000000e+02 2.640000000000000000e+02 9.370000000000000000e+02
