5.846000000000000000e+03 8.728000000000000000e+03 4.704000000000000000e+03 1.930000000000000000e+03 9.680000000000000000e+02 1.964000000000000000e+03
1.362200000000000000e+04 3.179000000000000000e+04 2.949200000000000000e+04 1.386200000000000000e+04 6.267000000000000000e+03 9.329000000000000000e+03
2.101500000000000000e+04 4.366000000000000000e+04 6.539600000000000000e+04 5.038500000000000000e+04 2.868800000000000000e+04 3.910300000000000000e+04
1.645700000000000000e+04 2.809000000000000000e+04 5.244700000000000000e+04 6.196500000000000000e+04 5.443400000000000000e+04 1.078830000000000000e+05
1.056100000000000000e+04 1.562600000000000000e+04 2.990200000000000000e+04 4.278700000000000000e+04 4.911900000000000000e+04 1.615090000000000000e+05
7.340000000000000000e+03 1.047100000000000000e+04 1.808600000000000000e+04 2.640300000000000000e+04 3.384800000000000000e+04 1.817570000000000000e+05
6.008000000000000000e+03 8.246000000000000000e+03 1.336300000000000000e+04 1.889400000000000000e+04 2.431000000000000000e+04 1.709440000000000000e+05
6.000000000000000000e+03 8.524000000000000000e+03 1.247500000000000000e+04 1.644600000000000000e+04 1.992800000000000000e+04 1.445420000000000000e+05
1.106000000000000000e+04 1.715300000000000000e+04 2.286800000000000000e+04 2.775100000000000000e+04 3.160300000000000000e+04 1.954460000000000000e+05
9.671000000000000000e+03 1.704600000000000000e+04 1.924100000000000000e+04 1.971200000000000000e+04 1.897000000000000000e+04 8.736000000000000000e+04
8.398000000000000000e+03 1.552800000000000000e+04 1.313700000000000000e+04 1.093000000000000000e+04 8.885000000000000000e+03 3.186600000000000000e+04
