1.340000000000000000e+02 5.000000000000000000e+01 9.000000000000000000e+00 5.000000000000000000e+00 0.000000000000000000e+00 1.000000000000000000e+00
8.180000000000000000e+02 5.180000000000000000e+02 2.380000000000000000e+02 5.300000000000000000e+01 1.800000000000000000e+01 4.000000000000000000e+00
1.680000000000000000e+03 2.605000000000000000e+03 1.534000000000000000e+03 5.420000000000000000e+02 8.200000000000000000e+01 3.800000000000000000e+01
2.258000000000000000e+03 3.044000000000000000e+03 3.624000000000000000e+03 2.344000000000000000e+03 4.460000000000000000e+02 1.060000000000000000e+02
2.230000000000000000e+03 2.140000000000000000e+03 3.607000000000000000e+03 4.381000000000000000e+03 9.860000000000000000e+02 2.950000000000000000e+02
2.019000000000000000e+03 1.687000000000000000e+03 2.819000000000000000e+03 4.499000000000000000e+03 1.400000000000000000e+03 4.660000000000000000e+02
2.236000000000000000e+03 1.721000000000000000e+03 2.744000000000000000e+03 4.841000000000000000e+03 1.813000000000000000e+03 6.400000000000000000e+02
2.568000000000000000e+03 2.380000000000000000e+03 3.498000000000000000e+03 5.081000000000000000e+03 2.028000000000000000e+03 7.870000000000000000e+02
6.220000000000000000e+03 1.000200000000000000e+04 8.520000000000000000e+03 5.772000000000000000e+03 2.075000000000000000e+03 9.930000000000000000e+02
6.786000000000000000e+03 1.127200000000000000e+04 4.179000000000000000e+03 1.438000000000000000e+03 5.690000000000000000e+02 3.120000000000000000e+02
7.686000000000000000e+03 7.232000000000000000e+03 1.969000000000000000e+03 5.790000000000000000e+02 2.170000000000000000e+02 1.400000000000000000e+02
