2.484541158460060046e+02 1.208408164281469936e+02 6.258596933010814922e+01 1.522095138658800018e+01 1.271176118554829948e+01 1.508237664056779970e+01
9.488315955918629925e+02 8.729087868708229507e+02 5.057715797836110028e+02 1.846405395751579874e+02 5.894086191661389762e+01 4.167063439973490091e+01
1.720905932070639892e+03 1.949136155679259900e+03 1.404599902068790016e+03 5.886232024903520141e+02 2.104078926137889880e+02 8.578146534380159949e+01
2.080574571787360128e+03 2.326464045573380190e+03 2.023339648137839959e+03 1.189013256128059993e+03 3.671951522995449864e+02 2.272043183777749960e+02
2.338971857804910087e+03 2.133557034712499899e+03 2.540599206879339818e+03 2.158205852822010002e+03 9.045002090434429647e+02 4.067951993488960056e+02
3.514608455001599850e+03 3.310325936310000088e+03 3.350303822412030058e+03 3.210130644678270073e+03 1.243497709364240109e+03 5.983117479032359824e+02
4.981410662950839651e+03 4.269883094171629637e+03 4.329866061524429824e+03 3.477217357489189908e+03 1.337289772212589924e+03 6.355564565714239507e+02
6.783192972707220179e+03 5.463735427854339832e+03 4.227172945112440175e+03 2.843612587262809939e+03 1.076016707369999949e+03 4.692224808838079753e+02
1.422882877599326093e+04 1.117493360956282959e+04 5.613212263589850409e+03 2.700200254161984958e+03 9.299737271495719142e+02 4.587537960787269640e+02
1.085664351761979015e+04 9.438483588058090390e+03 2.635900299501060090e+03 9.078738502442608933e+02 3.316540911706280212e+02 1.731772080531856091e+02
1.148995614689002286e+04 9.115694511969611995e+03 2.537030339553554313e+03 7.711273054195629584e+02 2.947943929949660742e+02 1.534617547088632250e+02
