6.000000000000000000e+01 7.500000000000000000e+01 8.000000000000000000e+01 1.500000000000000000e+01 9.000000000000000000e+00 9.000000000000000000e+00
4.000000000000000000e+02 9.320000000000000000e+02 1.124000000000000000e+03 5.370000000000000000e+02 1.730000000000000000e+02 1.020000000000000000e+02
9.520000000000000000e+02 3.047000000000000000e+03 3.970000000000000000e+03 2.270000000000000000e+03 7.400000000000000000e+02 4.090000000000000000e+02
1.502000000000000000e+03 4.866000000000000000e+03 8.825000000000000000e+03 7.828000000000000000e+03 2.754000000000000000e+03 1.336000000000000000e+03
1.734000000000000000e+03 3.560000000000000000e+03 7.766000000000000000e+03 1.237900000000000000e+04 4.995000000000000000e+03 2.275000000000000000e+03
2.131000000000000000e+03 3.846000000000000000e+03 7.446000000000000000e+03 1.577800000000000000e+04 7.707000000000000000e+03 3.438000000000000000e+03
2.992000000000000000e+03 5.179000000000000000e+03 9.222000000000000000e+03 1.836500000000000000e+04 9.159000000000000000e+03 4.688000000000000000e+03
3.575000000000000000e+03 6.602000000000000000e+03 1.053600000000000000e+04 1.467000000000000000e+04 7.305000000000000000e+03 4.470000000000000000e+03
8.627000000000000000e+03 1.781400000000000000e+04 1.876700000000000000e+04 1.598200000000000000e+04 8.994000000000000000e+03 8.017000000000000000e+03
7.013000000000000000e+03 1.211700000000000000e+04 7.029000000000000000e+03 4.230000000000000000e+03 3.187000000000000000e+03 3.998000000000000000e+03
5.603000000000000000e+03 6.979000000000000000e+03 3.044000000000000000e+03 1.714000000000000000e+03 1.312000000000000000e+03 1.773000000000000000e+03
