4.626309216598119747e+02 2.654929650581827900e+02 1.775056730632092012e+02 7.999906579186431088e+01 8.254594523525878458e+01 1.997582246023345931e+02
7.224351114196830395e+02 8.661102571459470028e+02 7.826780240145369589e+02 6.089453131231159659e+02 3.072572230032610037e+02 3.393170900221990109e+02
9.616970935228539474e+02 1.242351131075819922e+03 1.432462135491339950e+03 1.189810669636889997e+03 8.843195674851659760e+02 8.810496432285350465e+02
7.923579253750709768e+02 1.315670698937339921e+03 1.739501355752129939e+03 1.654801794902060010e+03 1.383347001754809980e+03 2.094351997258449956e+03
8.496422430046950467e+02 9.789224240394030403e+02 1.403897120281719936e+03 1.866313268257129948e+03 1.596000760806030030e+03 3.198360340844099937e+03
7.187229501595189731e+02 8.421669306728580295e+02 1.014922567638300052e+03 1.409487734384279975e+03 1.416451389825919932e+03 3.173269521640379935e+03
8.318756254045960077e+02 8.217383659097380360e+02 9.471342405599440326e+02 1.186286368657129970e+03 1.169147318745270013e+03 2.723840210567720078e+03
7.722257119560509864e+02 7.063654412130380251e+02 7.760648993660199721e+02 6.990393452094799613e+02 6.591595921856639961e+02 1.318841822977770107e+03
1.402893025462499963e+03 1.547402476375172000e+03 1.034248633954498928e+03 8.479118486308789215e+02 6.747526788967410312e+02 1.316022563295070086e+03
7.339843497540271073e+02 1.007381721221637008e+03 4.949569858124759776e+02 3.675064793916336043e+02 1.976856132665818109e+02 4.427812498119560587e+02
5.553710496931290663e+02 4.773673068047214088e+02 1.824538361202239116e+02 9.749302801080945358e+01 7.750873205560392876e+01 1.246804204775864804e+02
