2.835100000000000000e+04 6.084000000000000000e+04 6.501000000000000000e+04 1.867800000000000000e+04 6.738000000000000000e+03 6.119000000000000000e+03
1.032730000000000000e+05 2.426090000000000000e+05 4.419280000000000000e+05 2.456900000000000000e+05 8.210800000000000000e+04 4.738600000000000000e+04
1.522090000000000000e+05 3.373480000000000000e+05 6.405270000000000000e+05 6.617010000000000000e+05 3.131880000000000000e+05 1.630660000000000000e+05
1.635490000000000000e+05 3.213530000000000000e+05 6.095590000000000000e+05 9.720040000000000000e+05 6.471250000000000000e+05 3.965930000000000000e+05
1.759750000000000000e+05 2.947750000000000000e+05 5.561760000000000000e+05 1.089143000000000000e+06 8.703750000000000000e+05 6.401110000000000000e+05
1.705390000000000000e+05 2.845910000000000000e+05 5.013020000000000000e+05 9.322930000000000000e+05 7.849850000000000000e+05 7.320800000000000000e+05
1.850230000000000000e+05 3.261490000000000000e+05 5.069680000000000000e+05 7.570420000000000000e+05 6.114700000000000000e+05 7.053970000000000000e+05
2.083700000000000000e+05 3.968610000000000000e+05 5.136100000000000000e+05 5.968930000000000000e+05 4.537220000000000000e+05 6.187890000000000000e+05
4.442870000000000000e+05 8.580890000000000000e+05 8.014840000000000000e+05 6.996890000000000000e+05 5.102960000000000000e+05 8.155010000000000000e+05
4.398280000000000000e+05 7.375190000000000000e+05 4.705830000000000000e+05 3.321980000000000000e+05 2.445110000000000000e+05 4.212300000000000000e+05
3.977270000000000000e+05 5.302850000000000000e+05 2.816730000000000000e+05 1.776690000000000000e+05 1.259790000000000000e+05 2.134950000000000000e+05
