1.012860736500000058e+01 5.734657887000000009e+00 4.669434600999999851e+00 3.438732134999999968e+00 1.108410850000000059e+00 0.000000000000000000e+00
8.887429671299989309e+01 5.413903991400000137e+01 4.338389224699999858e+01 1.374780556400000009e+01 2.245669740999999942e+00 0.000000000000000000e+00
2.869659196590009742e+02 2.132494820670000024e+02 1.156617683900000060e+02 5.657087185199989676e+01 3.414840437000000062e+00 2.306574492999999837e+00
2.670936968230009825e+02 2.179813229920000026e+02 2.134289068330000134e+02 1.126620931409999997e+02 2.604388709799999901e+01 6.878835428000000363e+00
3.060180037989999846e+02 2.122333003050009950e+02 2.558120929350000097e+02 2.233250052820000064e+02 5.580028974900000094e+01 1.472821103599999937e+01
3.761883132469999964e+02 2.415099121530010109e+02 2.957034670950009740e+02 3.031347077690010110e+02 9.959364623899989510e+01 1.921765793899999863e+01
4.660014296589989726e+02 3.865808181250000075e+02 3.968941022930000031e+02 4.303440883630000258e+02 1.190051010829999996e+02 3.854151703099999793e+01
5.538497421800010443e+02 4.625515460689990164e+02 3.874165049840000279e+02 3.788876873319999845e+02 9.520885438599989925e+01 2.616011011699999855e+01
1.132661775175003186e+03 1.178909390847001987e+03 5.379039674279999872e+02 3.498559051480009998e+02 1.029602661359999161e+02 4.205433768700000030e+01
1.328856439679003870e+03 1.298019255305003981e+03 1.772683707969999034e+02 7.038805580899989423e+01 1.921389470399999766e+01 6.842253741000000389e+00
1.695693886260999989e+03 1.310201200420999612e+03 9.331728258799999765e+01 2.149371689499999860e+01 1.148571574300000009e+01 5.649263799999999947e+00
