1.763000000000000000e+03 8.400000000000000000e+02 3.430000000000000000e+02 1.280000000000000000e+02 4.100000000000000000e+01 3.500000000000000000e+01
8.382000000000000000e+03 5.515000000000000000e+03 5.491000000000000000e+03 2.560000000000000000e+03 6.230000000000000000e+02 3.580000000000000000e+02
1.477400000000000000e+04 1.176100000000000000e+04 1.838400000000000000e+04 1.987800000000000000e+04 7.339000000000000000e+03 3.245000000000000000e+03
1.578500000000000000e+04 1.316100000000000000e+04 2.062500000000000000e+04 3.589500000000000000e+04 2.357000000000000000e+04 1.340900000000000000e+04
1.271800000000000000e+04 1.042800000000000000e+04 1.557200000000000000e+04 2.886400000000000000e+04 2.810200000000000000e+04 2.399300000000000000e+04
1.106100000000000000e+04 1.079900000000000000e+04 1.568800000000000000e+04 2.540600000000000000e+04 2.542700000000000000e+04 2.658700000000000000e+04
1.076400000000000000e+04 1.300400000000000000e+04 1.798100000000000000e+04 2.327900000000000000e+04 1.993500000000000000e+04 2.213900000000000000e+04
1.100400000000000000e+04 1.585300000000000000e+04 1.926400000000000000e+04 1.829100000000000000e+04 1.321000000000000000e+04 1.632600000000000000e+04
2.416700000000000000e+04 3.599400000000000000e+04 2.918200000000000000e+04 2.131000000000000000e+04 1.438900000000000000e+04 2.061000000000000000e+04
1.491700000000000000e+04 1.757300000000000000e+04 9.730000000000000000e+03 6.100000000000000000e+03 4.038000000000000000e+03 6.960000000000000000e+03
1.249100000000000000e+04 9.224000000000000000e+03 4.207000000000000000e+03 2.437000000000000000e+03 1.622000000000000000e+03 2.876000000000000000e+03
