1.180000000000000000e+02 8.900000000000000000e+01 3.900000000000000000e+01 1.900000000000000000e+01 4.000000000000000000e+00 4.000000000000000000e+00
5.900000000000000000e+02 5.150000000000000000e+02 4.530000000000000000e+02 1.960000000000000000e+02 7.300000000000000000e+01 3.100000000000000000e+01
1.247000000000000000e+03 1.555000000000000000e+03 2.003000000000000000e+03 1.141000000000000000e+03 3.060000000000000000e+02 1.660000000000000000e+02
1.580000000000000000e+03 1.942000000000000000e+03 2.949000000000000000e+03 3.349000000000000000e+03 1.286000000000000000e+03 5.730000000000000000e+02
1.451000000000000000e+03 1.683000000000000000e+03 2.582000000000000000e+03 4.950000000000000000e+03 2.617000000000000000e+03 1.268000000000000000e+03
1.676000000000000000e+03 1.688000000000000000e+03 2.428000000000000000e+03 5.471000000000000000e+03 3.776000000000000000e+03 1.989000000000000000e+03
2.200000000000000000e+03 2.294000000000000000e+03 3.014000000000000000e+03 6.300000000000000000e+03 4.301000000000000000e+03 2.511000000000000000e+03
2.893000000000000000e+03 3.352000000000000000e+03 4.546000000000000000e+03 6.537000000000000000e+03 3.869000000000000000e+03 2.298000000000000000e+03
7.240000000000000000e+03 1.032800000000000000e+04 9.959000000000000000e+03 8.606000000000000000e+03 4.687000000000000000e+03 3.956000000000000000e+03
7.994000000000000000e+03 9.973000000000000000e+03 5.083000000000000000e+03 2.753000000000000000e+03 1.766000000000000000e+03 2.893000000000000000e+03
7.714000000000000000e+03 7.044000000000000000e+03 2.555000000000000000e+03 1.206000000000000000e+03 8.940000000000000000e+02 1.496000000000000000e+03
