2.193000000000000000e+03 3.783000000000000000e+03 5.454000000000000000e+03 5.808000000000000000e+03 3.042000000000000000e+03 2.310000000000000000e+03
7.119000000000000000e+03 1.913700000000000000e+04 1.573500000000000000e+04 1.246500000000000000e+04 5.868000000000000000e+03 4.476000000000000000e+03
1.170300000000000000e+04 3.658200000000000000e+04 2.581500000000000000e+04 1.907400000000000000e+04 8.817000000000000000e+03 6.378000000000000000e+03
1.291800000000000000e+04 3.213900000000000000e+04 3.113700000000000000e+04 2.903700000000000000e+04 1.376400000000000000e+04 1.010400000000000000e+04
1.363800000000000000e+04 2.228400000000000000e+04 2.737200000000000000e+04 3.941400000000000000e+04 1.922100000000000000e+04 1.325100000000000000e+04
1.616700000000000000e+04 2.199600000000000000e+04 2.592000000000000000e+04 4.328700000000000000e+04 2.082900000000000000e+04 1.251300000000000000e+04
2.256000000000000000e+04 3.237300000000000000e+04 3.196500000000000000e+04 4.219200000000000000e+04 1.822200000000000000e+04 1.042500000000000000e+04
2.798400000000000000e+04 4.669500000000000000e+04 3.212100000000000000e+04 2.720700000000000000e+04 1.067400000000000000e+04 6.933000000000000000e+03
7.203000000000000000e+04 1.290660000000000000e+05 4.224600000000000000e+04 2.224800000000000000e+04 8.532000000000000000e+03 7.674000000000000000e+03
7.651800000000000000e+04 1.162440000000000000e+05 1.624800000000000000e+04 5.703000000000000000e+03 2.598000000000000000e+03 2.868000000000000000e+03
8.895600000000000000e+04 6.516000000000000000e+04 6.306000000000000000e+03 1.722000000000000000e+03 7.290000000000000000e+02 7.380000000000000000e+02
