1.081700000000000000e+04 1.075000000000000000e+03 1.220000000000000000e+02 1.100000000000000000e+01 0.000000000000000000e+00 1.000000000000000000e+00
7.429200000000000000e+04 1.672300000000000000e+04 4.219000000000000000e+03 7.180000000000000000e+02 4.700000000000000000e+01 6.000000000000000000e+00
9.450500000000000000e+04 3.610000000000000000e+04 1.905700000000000000e+04 8.148000000000000000e+03 1.383000000000000000e+03 1.850000000000000000e+02
7.327100000000000000e+04 3.524900000000000000e+04 3.209300000000000000e+04 2.880500000000000000e+04 7.756000000000000000e+03 1.464000000000000000e+03
5.894200000000000000e+04 2.995900000000000000e+04 3.165600000000000000e+04 5.253100000000000000e+04 2.220900000000000000e+04 4.920000000000000000e+03
5.628500000000000000e+04 3.260200000000000000e+04 3.232700000000000000e+04 6.203400000000000000e+04 3.135700000000000000e+04 8.442000000000000000e+03
5.711500000000000000e+04 3.640900000000000000e+04 3.595000000000000000e+04 5.461500000000000000e+04 2.712900000000000000e+04 7.673000000000000000e+03
5.911500000000000000e+04 4.428000000000000000e+04 3.967300000000000000e+04 3.944300000000000000e+04 1.618700000000000000e+04 4.849000000000000000e+03
1.242960000000000000e+05 1.490170000000000000e+05 5.919900000000000000e+04 2.997700000000000000e+04 1.004200000000000000e+04 4.158000000000000000e+03
1.079300000000000000e+05 1.473400000000000000e+05 1.806400000000000000e+04 4.783000000000000000e+03 2.472000000000000000e+03 1.866000000000000000e+03
1.637720000000000000e+05 9.644800000000000000e+04 8.249000000000000000e+03 2.251000000000000000e+03 1.370000000000000000e+03 1.168000000000000000e+03
