1.570000000000000000e+02 2.270000000000000000e+02 2.000000000000000000e+02 2.350000000000000000e+02 2.140000000000000000e+02 1.335000000000000000e+03
1.669000000000000000e+03 1.867000000000000000e+03 1.672000000000000000e+03 1.492000000000000000e+03 1.105000000000000000e+03 4.445000000000000000e+03
4.508000000000000000e+03 4.954000000000000000e+03 4.830000000000000000e+03 4.898000000000000000e+03 4.073000000000000000e+03 9.602000000000000000e+03
5.390000000000000000e+03 5.708000000000000000e+03 6.301000000000000000e+03 6.131000000000000000e+03 6.189000000000000000e+03 2.023700000000000000e+04
5.421000000000000000e+03 4.306000000000000000e+03 5.061000000000000000e+03 5.869000000000000000e+03 4.774000000000000000e+03 2.686300000000000000e+04
4.594000000000000000e+03 3.759000000000000000e+03 3.922000000000000000e+03 5.215000000000000000e+03 4.016000000000000000e+03 2.778400000000000000e+04
3.742000000000000000e+03 3.007000000000000000e+03 2.941000000000000000e+03 3.528000000000000000e+03 2.716000000000000000e+03 2.327800000000000000e+04
3.129000000000000000e+03 2.641000000000000000e+03 2.201000000000000000e+03 2.128000000000000000e+03 1.827000000000000000e+03 1.909500000000000000e+04
3.385000000000000000e+03 3.199000000000000000e+03 2.344000000000000000e+03 2.129000000000000000e+03 2.167000000000000000e+03 2.650300000000000000e+04
1.910000000000000000e+03 1.645500000000000000e+03 9.590000000000000000e+02 8.170000000000000000e+02 8.215000000000000000e+02 8.075000000000000000e+03
1.910000000000000000e+03 1.645500000000000000e+03 9.590000000000000000e+02 8.170000000000000000e+02 8.215000000000000000e+02 8.075000000000000000e+03
