2.064100000000000000e+04 8.502200000000000000e+04 4.441700000000000000e+04 2.760000000000000000e+04 1.893200000000000000e+04 5.483000000000000000e+04
5.190200000000000000e+04 3.080790000000000000e+05 2.946790000000000000e+05 2.382310000000000000e+05 1.501700000000000000e+05 3.309210000000000000e+05
5.949400000000000000e+04 3.570040000000000000e+05 4.709890000000000000e+05 5.420710000000000000e+05 4.419870000000000000e+05 8.324220000000000000e+05
5.645100000000000000e+04 2.766440000000000000e+05 4.316510000000000000e+05 6.431350000000000000e+05 6.881060000000000000e+05 1.600533000000000000e+06
5.345900000000000000e+04 1.954910000000000000e+05 3.189430000000000000e+05 5.577510000000000000e+05 7.612080000000000000e+05 2.436476000000000000e+06
5.391100000000000000e+04 1.397130000000000000e+05 2.272500000000000000e+05 4.025960000000000000e+05 6.331980000000000000e+05 2.503856000000000000e+06
5.110000000000000000e+04 1.256230000000000000e+05 2.054930000000000000e+05 3.417190000000000000e+05 5.408780000000000000e+05 2.451535000000000000e+06
5.776000000000000000e+04 1.374480000000000000e+05 2.132320000000000000e+05 3.332130000000000000e+05 4.829740000000000000e+05 2.225982000000000000e+06
1.160740000000000000e+05 2.919390000000000000e+05 3.665160000000000000e+05 4.845480000000000000e+05 5.873990000000000000e+05 2.916829000000000000e+06
1.109870000000000000e+05 2.726650000000000000e+05 2.225740000000000000e+05 2.330460000000000000e+05 2.468800000000000000e+05 1.470155000000000000e+06
7.010500000000000000e+04 1.426300000000000000e+05 8.366900000000000000e+04 7.939100000000000000e+04 8.650200000000000000e+04 5.578420000000000000e+05
