5.276200000000000000e+04 2.828000000000000000e+04 1.641400000000000000e+04 4.886000000000000000e+03 2.014000000000000000e+03 1.798000000000000000e+03
1.075990000000000000e+05 9.642200000000000000e+04 1.110540000000000000e+05 4.484900000000000000e+04 1.486200000000000000e+04 1.100700000000000000e+04
1.059410000000000000e+05 1.178820000000000000e+05 1.901070000000000000e+05 1.354700000000000000e+05 5.361400000000000000e+04 3.381100000000000000e+04
9.651500000000000000e+04 1.127410000000000000e+05 1.994960000000000000e+05 2.164750000000000000e+05 1.116540000000000000e+05 7.804500000000000000e+04
9.263300000000000000e+04 1.045920000000000000e+05 1.778180000000000000e+05 2.424400000000000000e+05 1.547790000000000000e+05 1.274810000000000000e+05
9.661100000000000000e+04 1.097080000000000000e+05 1.690460000000000000e+05 2.316040000000000000e+05 1.625460000000000000e+05 1.573960000000000000e+05
1.051530000000000000e+05 1.188780000000000000e+05 1.634070000000000000e+05 1.967500000000000000e+05 1.369090000000000000e+05 1.505290000000000000e+05
1.164980000000000000e+05 1.338090000000000000e+05 1.554310000000000000e+05 1.613930000000000000e+05 1.111510000000000000e+05 1.387400000000000000e+05
2.406420000000000000e+05 2.697640000000000000e+05 2.463330000000000000e+05 2.124380000000000000e+05 1.472380000000000000e+05 2.169200000000000000e+05
2.056790000000000000e+05 2.182090000000000000e+05 1.421270000000000000e+05 1.035030000000000000e+05 7.521200000000000000e+04 1.291870000000000000e+05
1.641100000000000000e+05 1.619050000000000000e+05 8.876100000000000000e+04 5.818100000000000000e+04 4.160900000000000000e+04 7.146600000000000000e+04
