4.189300000000000000e+04 6.606900000000000000e+04 5.036800000000000000e+04 1.819400000000000000e+04 5.964000000000000000e+03 5.006000000000000000e+03
1.999770000000000000e+05 2.993390000000000000e+05 4.082110000000000000e+05 2.237320000000000000e+05 8.721600000000000000e+04 6.118800000000000000e+04
2.581370000000000000e+05 4.008230000000000000e+05 6.577970000000000000e+05 5.829300000000000000e+05 3.105470000000000000e+05 2.368050000000000000e+05
2.268800000000000000e+05 3.548040000000000000e+05 6.001150000000000000e+05 7.475380000000000000e+05 5.187760000000000000e+05 5.082210000000000000e+05
1.847920000000000000e+05 2.744030000000000000e+05 4.864340000000000000e+05 7.313610000000000000e+05 6.150530000000000000e+05 7.684630000000000000e+05
1.684180000000000000e+05 2.427830000000000000e+05 4.339180000000000000e+05 6.792920000000000000e+05 6.246500000000000000e+05 9.315690000000000000e+05
1.602530000000000000e+05 2.360490000000000000e+05 4.084850000000000000e+05 5.884400000000000000e+05 5.442130000000000000e+05 8.958720000000000000e+05
1.700850000000000000e+05 2.734420000000000000e+05 4.247620000000000000e+05 5.243300000000000000e+05 4.649230000000000000e+05 7.964630000000000000e+05
3.901660000000000000e+05 6.854200000000000000e+05 7.768360000000000000e+05 7.602170000000000000e+05 6.235030000000000000e+05 1.104608000000000000e+06
3.478820000000000000e+05 5.568720000000000000e+05 4.448570000000000000e+05 3.573290000000000000e+05 2.712800000000000000e+05 4.753020000000000000e+05
2.526760000000000000e+05 2.853310000000000000e+05 1.865960000000000000e+05 1.286880000000000000e+05 9.383200000000000000e+04 1.535280000000000000e+05
