5.418400000000000000e+04 1.538700000000000000e+04 1.258800000000000000e+04 1.115800000000000000e+04 5.492000000000000000e+03 3.613000000000000000e+03
1.461210000000000000e+05 8.908800000000000000e+04 7.222800000000000000e+04 3.971300000000000000e+04 1.837400000000000000e+04 1.501500000000000000e+04
2.137360000000000000e+05 2.204880000000000000e+05 2.246450000000000000e+05 1.189540000000000000e+05 4.425200000000000000e+04 3.523300000000000000e+04
1.877350000000000000e+05 2.003710000000000000e+05 3.335880000000000000e+05 2.886360000000000000e+05 9.033000000000000000e+04 6.581000000000000000e+04
1.523900000000000000e+05 1.513120000000000000e+05 2.941940000000000000e+05 3.791940000000000000e+05 1.397630000000000000e+05 1.002410000000000000e+05
1.301450000000000000e+05 1.339980000000000000e+05 2.451350000000000000e+05 3.403890000000000000e+05 1.569780000000000000e+05 1.202480000000000000e+05
1.566120000000000000e+05 1.934020000000000000e+05 2.759960000000000000e+05 3.090790000000000000e+05 1.582720000000000000e+05 1.294820000000000000e+05
2.432160000000000000e+05 3.625250000000000000e+05 3.703340000000000000e+05 2.845430000000000000e+05 1.462900000000000000e+05 1.319790000000000000e+05
6.579100000000000000e+05 1.029463000000000000e+06 5.990910000000000000e+05 3.089260000000000000e+05 1.655850000000000000e+05 1.743410000000000000e+05
5.552490000000000000e+05 6.330650000000000000e+05 1.858840000000000000e+05 7.495800000000000000e+04 4.810200000000000000e+04 5.689900000000000000e+04
7.314530000000000000e+05 4.345870000000000000e+05 9.063100000000000000e+04 3.177800000000000000e+04 1.974300000000000000e+04 2.236600000000000000e+04
