1.297000000000000000e+03 1.132000000000000000e+03 8.700000000000000000e+02 4.500000000000000000e+02 1.570000000000000000e+02 1.060000000000000000e+02
1.366900000000000000e+04 1.683100000000000000e+04 8.414000000000000000e+03 3.708000000000000000e+03 1.144000000000000000e+03 7.390000000000000000e+02
3.487600000000000000e+04 5.605300000000000000e+04 2.736100000000000000e+04 1.189400000000000000e+04 3.696000000000000000e+03 1.993000000000000000e+03
4.229000000000000000e+04 6.688000000000000000e+04 6.033000000000000000e+04 3.284800000000000000e+04 8.739000000000000000e+03 4.107000000000000000e+03
4.544900000000000000e+04 5.670800000000000000e+04 8.647000000000000000e+04 7.564400000000000000e+04 1.751100000000000000e+04 6.781000000000000000e+03
5.599200000000000000e+04 6.284500000000000000e+04 1.076840000000000000e+05 1.150900000000000000e+05 2.541600000000000000e+04 8.619000000000000000e+03
6.522300000000000000e+04 7.631800000000000000e+04 1.224620000000000000e+05 1.207740000000000000e+05 2.639600000000000000e+04 8.599000000000000000e+03
7.028100000000000000e+04 8.975800000000000000e+04 1.190220000000000000e+05 9.583700000000000000e+04 2.140400000000000000e+04 7.876000000000000000e+03
1.816480000000000000e+05 2.870080000000000000e+05 1.985350000000000000e+05 9.910200000000000000e+04 2.867000000000000000e+04 1.482900000000000000e+04
2.132440000000000000e+05 3.652930000000000000e+05 1.032760000000000000e+05 3.478900000000000000e+04 1.605200000000000000e+04 1.130600000000000000e+04
3.039020000000000000e+05 3.041700000000000000e+05 6.002700000000000000e+04 2.172500000000000000e+04 1.093200000000000000e+04 6.845000000000000000e+03
