5.053000000000000000e+03 1.592000000000000000e+03 8.660000000000000000e+02 4.510000000000000000e+02 1.510000000000000000e+02 2.070000000000000000e+02
5.653000000000000000e+03 5.827000000000000000e+03 5.156000000000000000e+03 1.936000000000000000e+03 5.500000000000000000e+02 6.150000000000000000e+02
7.365000000000000000e+03 9.368000000000000000e+03 1.647800000000000000e+04 9.832000000000000000e+03 2.347000000000000000e+03 1.317000000000000000e+03
7.134000000000000000e+03 8.305000000000000000e+03 1.756000000000000000e+04 2.092600000000000000e+04 5.413000000000000000e+03 2.342000000000000000e+03
7.864000000000000000e+03 8.198000000000000000e+03 1.574400000000000000e+04 2.799300000000000000e+04 9.251000000000000000e+03 3.798000000000000000e+03
9.188000000000000000e+03 1.023500000000000000e+04 1.758300000000000000e+04 2.935100000000000000e+04 1.102700000000000000e+04 4.904000000000000000e+03
1.130200000000000000e+04 1.421600000000000000e+04 2.130700000000000000e+04 2.616600000000000000e+04 1.091900000000000000e+04 6.601000000000000000e+03
1.686900000000000000e+04 2.579900000000000000e+04 2.770100000000000000e+04 2.421000000000000000e+04 1.230600000000000000e+04 9.944000000000000000e+03
4.924100000000000000e+04 7.523800000000000000e+04 4.523700000000000000e+04 3.016400000000000000e+04 2.053000000000000000e+04 1.823000000000000000e+04
4.601500000000000000e+04 4.411600000000000000e+04 1.479900000000000000e+04 9.112000000000000000e+03 7.090000000000000000e+03 5.753000000000000000e+03
5.149700000000000000e+04 2.610400000000000000e+04 6.960000000000000000e+03 4.133000000000000000e+03 3.481000000000000000e+03 2.620000000000000000e+03
