7.620200000000000000e+04 2.840000000000000000e+03 5.070000000000000000e+02 1.020000000000000000e+02 4.400000000000000000e+01 2.000000000000000000e+00
4.923310000000000000e+05 6.289900000000000000e+04 1.863400000000000000e+04 7.303000000000000000e+03 1.259000000000000000e+03 2.470000000000000000e+02
7.745800000000000000e+05 2.166950000000000000e+05 8.151800000000000000e+04 3.165800000000000000e+04 5.422000000000000000e+03 1.240000000000000000e+03
6.184010000000000000e+05 3.338420000000000000e+05 2.352790000000000000e+05 1.197550000000000000e+05 2.170100000000000000e+04 4.956000000000000000e+03
4.971170000000000000e+05 3.224740000000000000e+05 4.358650000000000000e+05 4.204670000000000000e+05 9.268300000000000000e+04 2.016200000000000000e+04
4.272950000000000000e+05 2.937210000000000000e+05 4.378180000000000000e+05 6.078560000000000000e+05 1.583130000000000000e+05 3.436900000000000000e+04
4.765210000000000000e+05 4.100910000000000000e+05 5.433320000000000000e+05 6.651510000000000000e+05 1.689060000000000000e+05 3.619000000000000000e+04
4.979590000000000000e+05 5.509590000000000000e+05 6.414460000000000000e+05 5.768070000000000000e+05 1.278320000000000000e+05 2.566400000000000000e+04
1.122237000000000000e+06 1.576065000000000000e+06 1.124486000000000000e+06 6.454850000000000000e+05 1.221050000000000000e+05 2.755300000000000000e+04
8.408080000000000000e+05 1.281304000000000000e+06 4.531440000000000000e+05 1.288400000000000000e+05 3.580800000000000000e+04 1.928700000000000000e+04
8.199030000000000000e+05 8.136350000000000000e+05 2.286000000000000000e+05 6.789100000000000000e+04 2.734400000000000000e+04 1.580000000000000000e+04
