1.656062327968532145e+03 5.452686488426664937e+02 1.957320676508880126e+02 5.024097876655989836e+01 3.252124728504139739e+01 4.535331156514148887e+01
4.190752725180689595e+03 4.062030653471410005e+03 2.136446069856729991e+03 7.835434610219659817e+02 2.231590831728620117e+02 1.610967889970100089e+02
4.828306951067390401e+03 6.141809422591890325e+03 5.319064753463129819e+03 2.884712013092429970e+03 9.665340195399829781e+02 5.723399085678199754e+02
4.860053115997359782e+03 5.376213093459099582e+03 6.569871892706360086e+03 5.646002736196560363e+03 2.022259351017090012e+03 1.161664619449350084e+03
4.964815626344589873e+03 4.565262494867400164e+03 6.522892598882000129e+03 8.692338400489790729e+03 3.623398183798040009e+03 2.081856636186680134e+03
6.026429786037479971e+03 4.799826273178609881e+03 7.043145440436320314e+03 9.992125170637029441e+03 4.783001467297440286e+03 2.676360304031999931e+03
7.650363890919679761e+03 6.836339268340479975e+03 8.865821808417860666e+03 9.605100490639200871e+03 4.438016053925530287e+03 2.407219314084009966e+03
8.939085135557819740e+03 9.504777595352590652e+03 8.909638746771510341e+03 6.318958834616910281e+03 2.633378875655389947e+03 1.524869889538960024e+03
1.780361600534048193e+04 2.088589570136359907e+04 1.053155323279301956e+04 5.128566668232309894e+03 2.145703735349065937e+03 1.355357930983335109e+03
1.241099608879776133e+04 1.448827688947182833e+04 4.032618926403800288e+03 1.496906002513208023e+03 5.258431113938130466e+02 3.421873694132150376e+02
1.060653460998729497e+04 9.939998885493982016e+03 2.411636068324876305e+03 7.172947521609911519e+02 2.615738029763228951e+02 1.759138453879154440e+02
