2.566300000000000000e+04 8.322000000000000000e+03 3.239000000000000000e+03 1.387000000000000000e+03 3.530000000000000000e+02 4.410000000000000000e+02
8.862500000000000000e+04 4.290500000000000000e+04 2.379700000000000000e+04 1.070300000000000000e+04 3.265000000000000000e+03 2.076000000000000000e+03
1.040430000000000000e+05 8.592600000000000000e+04 6.646200000000000000e+04 3.132400000000000000e+04 1.095200000000000000e+04 6.758000000000000000e+03
9.987100000000000000e+04 1.029510000000000000e+05 1.541850000000000000e+05 1.019120000000000000e+05 3.154400000000000000e+04 2.028100000000000000e+04
8.837100000000000000e+04 8.744600000000000000e+04 1.795910000000000000e+05 1.739980000000000000e+05 5.388700000000000000e+04 3.422000000000000000e+04
1.100840000000000000e+05 1.184610000000000000e+05 2.358160000000000000e+05 2.174540000000000000e+05 6.896900000000000000e+04 4.384300000000000000e+04
8.209300000000000000e+04 1.053360000000000000e+05 1.560830000000000000e+05 1.194950000000000000e+05 4.131500000000000000e+04 3.314500000000000000e+04
1.282060000000000000e+05 1.838600000000000000e+05 1.830790000000000000e+05 1.185920000000000000e+05 5.072700000000000000e+04 4.575500000000000000e+04
3.517680000000000000e+05 5.476270000000000000e+05 3.095000000000000000e+05 1.666000000000000000e+05 1.020360000000000000e+05 9.703700000000000000e+04
3.748220000000000000e+05 4.519780000000000000e+05 1.463310000000000000e+05 8.062400000000000000e+04 6.709600000000000000e+04 5.963200000000000000e+04
4.875340000000000000e+05 3.345800000000000000e+05 8.868100000000000000e+04 4.837700000000000000e+04 3.710800000000000000e+04 3.228700000000000000e+04
