4.788530000000000000e+05 2.316600000000000000e+05 1.770340000000000000e+05 1.038460000000000000e+05 2.767900000000000000e+04 2.499100000000000000e+04
5.547580000000000000e+05 5.736570000000000000e+05 5.440960000000000000e+05 1.738780000000000000e+05 4.760700000000000000e+04 3.583500000000000000e+04
4.893370000000000000e+05 6.878460000000000000e+05 1.218050000000000000e+06 4.944260000000000000e+05 1.042700000000000000e+05 5.609200000000000000e+04
4.625210000000000000e+05 6.629870000000000000e+05 1.317877000000000000e+06 9.775580000000000000e+05 2.040870000000000000e+05 9.753100000000000000e+04
4.801720000000000000e+05 7.107680000000000000e+05 1.345935000000000000e+06 1.466001000000000000e+06 3.470810000000000000e+05 1.618770000000000000e+05
6.611940000000000000e+05 1.094947000000000000e+06 1.780921000000000000e+06 1.795971000000000000e+06 4.893300000000000000e+05 2.611980000000000000e+05
7.660820000000000000e+05 1.412915000000000000e+06 1.732631000000000000e+06 1.345738000000000000e+06 4.627260000000000000e+05 2.981150000000000000e+05
9.131730000000000000e+05 1.668880000000000000e+06 1.428561000000000000e+06 8.823090000000000000e+05 3.806750000000000000e+05 2.685260000000000000e+05
2.027027000000000000e+06 2.965942000000000000e+06 1.471223000000000000e+06 8.323490000000000000e+05 4.453960000000000000e+05 3.220740000000000000e+05
2.855526000000000000e+06 3.131118000000000000e+06 1.019549000000000000e+06 5.755560000000000000e+05 3.552160000000000000e+05 2.744890000000000000e+05
2.030495000000000000e+06 1.383721000000000000e+06 4.941430000000000000e+05 2.919220000000000000e+05 1.666790000000000000e+05 1.206200000000000000e+05
