0.000000000000000000e+00 9.673798068720779852e+00 0.000000000000000000e+00 0.000000000000000000e+00 0.000000000000000000e+00 0.000000000000000000e+00
2.418449517180189901e+01 3.869519227488309809e+01 2.418449517180189901e+01 4.836899034360389926e+00 0.000000000000000000e+00 0.000000000000000000e+00
8.706418261848699558e+01 9.673798068720779497e+01 3.869519227488309809e+01 3.385829324052269840e+01 9.673798068720779852e+00 9.673798068720779852e+00
1.209224758590089976e+02 1.257593748933699942e+02 1.402700719964510085e+02 6.287968744668499710e+01 4.836899034360389926e+00 9.673798068720779852e+00
8.222728358412659588e+01 9.190108165284739528e+01 1.209224758590089976e+02 8.222728358412659588e+01 9.673798068720779852e+00 4.836899034360389926e+00
7.255348551540579649e+01 1.015748797215679957e+02 1.112486777902879993e+02 9.190108165284739528e+01 1.934759613744149931e+01 0.000000000000000000e+00
9.190108165284739528e+01 1.547807690995319945e+02 1.402700719964510085e+02 1.596176681338920105e+02 9.673798068720779852e+00 9.673798068720779852e+00
1.015748797215679957e+02 2.273342546149380041e+02 1.112486777902879993e+02 4.353209130924349779e+01 3.869519227488309809e+01 0.000000000000000000e+00
1.354331729620907936e+02 2.853770430272620047e+02 8.222728358412659588e+01 7.739038454976609671e+01 2.418449517180187769e+01 9.673798068720779852e+00
6.287968744668499710e+01 1.549438700651720069e+02 2.902139420616227738e+01 1.934759613744148865e+01 4.836899034360389926e+00 0.000000000000000000e+00
1.257593748933699658e+02 1.209224758590096798e+02 4.836899034360389926e+00 0.000000000000000000e+00 0.000000000000000000e+00 4.836899034360389926e+00
