9.966553213590440663e+00 5.004172201281519961e+00 2.517676163570759851e+00 0.000000000000000000e+00 2.496780569084460222e+00 2.496780569084460222e+00
1.054765036033059999e+02 1.309424495959870001e+02 1.167234992936730009e+02 4.209441108476560345e+01 1.982247594284410042e+01 9.824742603393740836e+00
3.316140741228119850e+02 2.600778907480740259e+02 2.317900805316199921e+02 9.175573962013430673e+01 4.908925499433040329e+01 2.188128786570850082e+01
3.318367220525329913e+02 2.675105778313320002e+02 3.405161316720149784e+02 2.278109893993099888e+02 6.188120233323709840e+01 4.938123499358010093e+01
2.814400989230920231e+02 3.215319188865680076e+02 2.999474421203610177e+02 2.941326655858389927e+02 1.161793897660910062e+02 7.797405553082489860e+01
3.418740710466120163e+02 3.543202659999159891e+02 3.877561845533520000e+02 3.890177979028479740e+02 1.707522502651569880e+02 8.680942310206019386e+01
4.671025971110810247e+02 4.232780148854510003e+02 3.880202000567750247e+02 3.690397262008430062e+02 1.762956701611620076e+02 1.108183621859970032e+02
4.648473499727559783e+02 4.690402348462420150e+02 3.597019076937789919e+02 2.430694373214359985e+02 1.168154097178679933e+02 7.929170675667640467e+01
9.310385286056899758e+02 7.911802235263990042e+02 4.396950116101399999e+02 2.500144885275180116e+02 9.933061256794239569e+01 7.427827563654309984e+01
5.578713400949429797e+02 4.106986151773249958e+02 1.477761568606555045e+02 7.119335703218550293e+01 1.982247594284417858e+01 2.500829345817030003e+01
2.357775632631509950e+02 1.877583768805640432e+02 4.437448397630328145e+01 2.480575254963934029e+01 1.246911374553596019e+01 1.201733288933739985e+01
