2.000623399349859888e+00 1.016778523489930031e+00 0.000000000000000000e+00 0.000000000000000000e+00 0.000000000000000000e+00 0.000000000000000000e+00
2.205625786429339996e+01 6.001870198049579663e+00 6.018337021864580194e+00 4.017713622514720306e+00 0.000000000000000000e+00 0.000000000000000000e+00
4.703111670853670034e+01 3.609355530737249751e+01 1.907178958908360045e+01 1.200374039609910071e+01 4.017713622514720306e+00 0.000000000000000000e+00
3.704446653560240321e+01 3.807771188290730180e+01 5.514887807264120312e+01 3.907802358258219755e+01 1.001958382056420049e+01 4.001246798699719776e+00
4.304609734090710305e+01 3.205937486104269851e+01 4.704758353235170176e+01 6.416815019353049365e+01 1.905532276526859903e+01 4.001246798699719776e+00
5.308238737803129936e+01 4.906467375551660126e+01 4.909760740314659699e+01 8.417438418702900549e+01 2.704134953885310111e+01 3.000935099024789832e+00
4.606373865649180033e+01 7.718866911311960166e+01 9.020918803270859598e+01 7.812311351753450595e+01 2.302363591633829998e+01 1.000311699674929944e+00
7.115386526743999696e+01 1.252694979927750012e+02 7.210477649566989555e+01 3.604415483592750036e+01 1.300405209577400001e+01 2.000623399349859888e+00
1.622810308807484887e+02 2.585579564067650153e+02 6.913677504427519693e+01 2.504072613950310000e+01 2.000623399349859888e+00 4.001246798699719776e+00
1.342558364660355039e+02 1.764829965619766767e+02 1.602145401861385920e+01 3.000935099024789832e+00 0.000000000000000000e+00 0.000000000000000000e+00
1.944062730370512497e+02 1.162666926957018205e+02 8.018960421214430312e+00 3.000935099024789832e+00 0.000000000000000000e+00 0.000000000000000000e+00
