1.100000000000000000e+01 5.000000000000000000e+00 5.000000000000000000e+00 3.000000000000000000e+00 0.000000000000000000e+00 3.000000000000000000e+00
4.400000000000000000e+01 6.100000000000000000e+01 4.400000000000000000e+01 4.000000000000000000e+01 2.800000000000000000e+01 4.300000000000000000e+01
5.500000000000000000e+01 1.030000000000000000e+02 1.180000000000000000e+02 1.610000000000000000e+02 1.240000000000000000e+02 2.020000000000000000e+02
7.600000000000000000e+01 1.110000000000000000e+02 1.520000000000000000e+02 2.620000000000000000e+02 3.220000000000000000e+02 6.760000000000000000e+02
7.900000000000000000e+01 1.220000000000000000e+02 1.900000000000000000e+02 2.840000000000000000e+02 3.570000000000000000e+02 1.250000000000000000e+03
1.090000000000000000e+02 1.430000000000000000e+02 2.220000000000000000e+02 3.340000000000000000e+02 4.440000000000000000e+02 1.843000000000000000e+03
1.510000000000000000e+02 2.010000000000000000e+02 2.900000000000000000e+02 4.220000000000000000e+02 4.520000000000000000e+02 2.288000000000000000e+03
1.420000000000000000e+02 2.130000000000000000e+02 3.330000000000000000e+02 3.960000000000000000e+02 4.440000000000000000e+02 2.340000000000000000e+03
3.030000000000000000e+02 4.740000000000000000e+02 5.520000000000000000e+02 6.060000000000000000e+02 6.860000000000000000e+02 4.301000000000000000e+03
1.740000000000000000e+02 3.150000000000000000e+02 3.040000000000000000e+02 2.820000000000000000e+02 3.410000000000000000e+02 2.571000000000000000e+03
6.400000000000000000e+01 1.780000000000000000e+02 1.590000000000000000e+02 1.510000000000000000e+02 1.770000000000000000e+02 1.531000000000000000e+03
