2.043000000000000000e+03 1.278000000000000000e+03 5.960000000000000000e+02 2.400000000000000000e+02 7.600000000000000000e+01 5.300000000000000000e+01
9.453000000000000000e+03 6.971000000000000000e+03 4.429000000000000000e+03 1.791000000000000000e+03 6.090000000000000000e+02 3.820000000000000000e+02
2.056200000000000000e+04 1.931800000000000000e+04 1.868400000000000000e+04 1.002800000000000000e+04 2.962000000000000000e+03 1.810000000000000000e+03
2.270500000000000000e+04 2.448500000000000000e+04 3.569700000000000000e+04 3.426100000000000000e+04 9.904000000000000000e+03 4.779000000000000000e+03
2.092500000000000000e+04 2.251200000000000000e+04 3.765000000000000000e+04 5.941600000000000000e+04 1.973000000000000000e+04 8.891000000000000000e+03
2.139900000000000000e+04 2.375500000000000000e+04 3.751400000000000000e+04 6.825800000000000000e+04 2.552500000000000000e+04 1.140200000000000000e+04
2.653700000000000000e+04 3.153700000000000000e+04 4.695900000000000000e+04 7.376900000000000000e+04 2.819500000000000000e+04 1.318600000000000000e+04
3.588000000000000000e+04 4.925500000000000000e+04 6.335800000000000000e+04 7.053800000000000000e+04 2.744600000000000000e+04 1.786500000000000000e+04
1.178420000000000000e+05 1.899320000000000000e+05 1.423030000000000000e+05 9.129500000000000000e+04 4.440400000000000000e+04 5.628600000000000000e+04
1.242630000000000000e+05 1.597750000000000000e+05 5.826300000000000000e+04 2.773100000000000000e+04 2.425700000000000000e+04 3.466700000000000000e+04
1.538580000000000000e+05 1.092730000000000000e+05 3.118900000000000000e+04 1.680000000000000000e+04 1.439800000000000000e+04 1.673200000000000000e+04
