1.042000000000000000e+03 7.770000000000000000e+02 7.340000000000000000e+02 2.480000000000000000e+02 2.140000000000000000e+02 1.070000000000000000e+02
1.042000000000000000e+03 7.770000000000000000e+02 7.340000000000000000e+02 2.480000000000000000e+02 2.140000000000000000e+02 1.070000000000000000e+02
1.024100000000000000e+04 1.252000000000000000e+04 6.212000000000000000e+03 3.978000000000000000e+03 1.910000000000000000e+03 1.191000000000000000e+03
1.268300000000000000e+04 2.711400000000000000e+04 1.904200000000000000e+04 1.487100000000000000e+04 8.989000000000000000e+03 5.367000000000000000e+03
1.897100000000000000e+04 2.430300000000000000e+04 2.319700000000000000e+04 2.678200000000000000e+04 1.959300000000000000e+04 1.625400000000000000e+04
2.184900000000000000e+04 2.136300000000000000e+04 2.566800000000000000e+04 3.370600000000000000e+04 2.579500000000000000e+04 2.061000000000000000e+04
2.254200000000000000e+04 2.556900000000000000e+04 3.043100000000000000e+04 4.040200000000000000e+04 2.715600000000000000e+04 2.231900000000000000e+04
2.105100000000000000e+04 2.577300000000000000e+04 3.260900000000000000e+04 4.381900000000000000e+04 2.472600000000000000e+04 1.819400000000000000e+04
4.705000000000000000e+04 6.385300000000000000e+04 7.721700000000000000e+04 7.773500000000000000e+04 4.110500000000000000e+04 2.710000000000000000e+04
4.139400000000000000e+04 7.287100000000000000e+04 4.952900000000000000e+04 2.796800000000000000e+04 1.156300000000000000e+04 9.390000000000000000e+03
2.240300000000000000e+04 3.483700000000000000e+04 1.517000000000000000e+04 5.838000000000000000e+03 2.200000000000000000e+03 2.289000000000000000e+03
