1.266000000000000000e+03 1.970000000000000000e+02 5.100000000000000000e+01 8.000000000000000000e+00 2.000000000000000000e+00 2.000000000000000000e+00
1.081100000000000000e+04 2.711000000000000000e+03 9.710000000000000000e+02 2.850000000000000000e+02 6.600000000000000000e+01 2.600000000000000000e+01
1.513000000000000000e+04 6.521000000000000000e+03 4.525000000000000000e+03 2.333000000000000000e+03 5.510000000000000000e+02 2.060000000000000000e+02
1.761700000000000000e+04 8.638000000000000000e+03 9.548000000000000000e+03 9.429000000000000000e+03 2.377000000000000000e+03 8.310000000000000000e+02
1.894900000000000000e+04 9.104000000000000000e+03 1.248800000000000000e+04 1.762400000000000000e+04 5.049000000000000000e+03 1.626000000000000000e+03
2.038600000000000000e+04 1.048200000000000000e+04 1.495500000000000000e+04 2.239200000000000000e+04 6.849000000000000000e+03 2.152000000000000000e+03
2.033200000000000000e+04 1.267100000000000000e+04 1.674700000000000000e+04 1.974300000000000000e+04 5.987000000000000000e+03 2.292000000000000000e+03
2.178700000000000000e+04 1.707700000000000000e+04 1.865100000000000000e+04 1.473800000000000000e+04 4.787000000000000000e+03 2.688000000000000000e+03
5.113600000000000000e+04 5.394300000000000000e+04 3.409000000000000000e+04 1.756300000000000000e+04 7.912000000000000000e+03 7.768000000000000000e+03
5.347600000000000000e+04 6.093100000000000000e+04 2.172900000000000000e+04 8.430000000000000000e+03 6.185000000000000000e+03 7.011000000000000000e+03
6.141100000000000000e+04 4.763900000000000000e+04 1.285900000000000000e+04 5.751000000000000000e+03 4.396000000000000000e+03 3.894000000000000000e+03
