3.763000000000000000e+03 1.085000000000000000e+03 4.610000000000000000e+02 2.040000000000000000e+02 5.500000000000000000e+01 7.500000000000000000e+01
1.160500000000000000e+04 4.907000000000000000e+03 3.352000000000000000e+03 1.559000000000000000e+03 6.460000000000000000e+02 5.070000000000000000e+02
2.906000000000000000e+04 1.568000000000000000e+04 1.440000000000000000e+04 6.824000000000000000e+03 2.468000000000000000e+03 2.074000000000000000e+03
3.765200000000000000e+04 2.494100000000000000e+04 3.413800000000000000e+04 2.826700000000000000e+04 8.417000000000000000e+03 5.802000000000000000e+03
3.079700000000000000e+04 2.302800000000000000e+04 3.830700000000000000e+04 5.246400000000000000e+04 1.754100000000000000e+04 1.112000000000000000e+04
2.521700000000000000e+04 1.984200000000000000e+04 3.333300000000000000e+04 5.408500000000000000e+04 2.092800000000000000e+04 1.419500000000000000e+04
2.874600000000000000e+04 2.414800000000000000e+04 3.822100000000000000e+04 5.898100000000000000e+04 2.510800000000000000e+04 1.719300000000000000e+04
3.387700000000000000e+04 3.377000000000000000e+04 4.705200000000000000e+04 5.447000000000000000e+04 2.391000000000000000e+04 1.841000000000000000e+04
8.272400000000000000e+04 1.052500000000000000e+05 9.197300000000000000e+04 6.348700000000000000e+04 2.958700000000000000e+04 3.065200000000000000e+04
7.647200000000000000e+04 8.431800000000000000e+04 3.677700000000000000e+04 1.608500000000000000e+04 9.683000000000000000e+03 1.291200000000000000e+04
9.618000000000000000e+04 5.584600000000000000e+04 1.447600000000000000e+04 5.126000000000000000e+03 3.157000000000000000e+03 3.955000000000000000e+03
