1.249980000000000000e+05 5.711100000000000000e+04 3.012400000000000000e+04 1.704800000000000000e+04 9.371000000000000000e+03 1.211800000000000000e+04
4.667470000000000000e+05 2.153010000000000000e+05 1.138900000000000000e+05 5.478000000000000000e+04 2.495900000000000000e+04 2.804300000000000000e+04
6.819930000000000000e+05 3.944570000000000000e+05 2.711170000000000000e+05 1.540260000000000000e+05 6.565500000000000000e+04 6.386800000000000000e+04
5.820280000000000000e+05 3.608980000000000000e+05 3.134180000000000000e+05 2.552040000000000000e+05 1.240790000000000000e+05 1.099300000000000000e+05
4.777290000000000000e+05 2.981800000000000000e+05 2.899480000000000000e+05 3.242180000000000000e+05 1.921070000000000000e+05 1.878430000000000000e+05
3.685000000000000000e+05 2.468810000000000000e+05 2.459470000000000000e+05 3.092690000000000000e+05 2.126730000000000000e+05 2.608570000000000000e+05
3.259470000000000000e+05 2.369940000000000000e+05 2.310700000000000000e+05 2.699750000000000000e+05 1.984360000000000000e+05 3.178560000000000000e+05
2.787550000000000000e+05 2.343940000000000000e+05 2.081600000000000000e+05 2.129490000000000000e+05 1.592870000000000000e+05 3.105710000000000000e+05
4.138720000000000000e+05 4.268110000000000000e+05 3.021960000000000000e+05 2.726760000000000000e+05 2.130360000000000000e+05 5.037200000000000000e+05
2.487770000000000000e+05 2.927660000000000000e+05 1.601720000000000000e+05 1.379260000000000000e+05 1.117350000000000000e+05 2.827130000000000000e+05
1.820970000000000000e+05 1.723400000000000000e+05 9.474700000000000000e+04 8.076100000000000000e+04 6.552000000000000000e+04 1.646600000000000000e+05
