1.761800000000000000e+04 8.929000000000000000e+03 5.415000000000000000e+03 2.970000000000000000e+03 2.110000000000000000e+03 3.019000000000000000e+03
9.183900000000000000e+04 7.453700000000000000e+04 3.873600000000000000e+04 1.850800000000000000e+04 1.086600000000000000e+04 1.622400000000000000e+04
2.067140000000000000e+05 2.999290000000000000e+05 1.450220000000000000e+05 6.855600000000000000e+04 2.757900000000000000e+04 3.148000000000000000e+04
2.369610000000000000e+05 3.423180000000000000e+05 3.591600000000000000e+05 2.467080000000000000e+05 6.681800000000000000e+04 5.212700000000000000e+04
2.013840000000000000e+05 2.178450000000000000e+05 3.733690000000000000e+05 5.237210000000000000e+05 1.343600000000000000e+05 7.509000000000000000e+04
1.634370000000000000e+05 1.611090000000000000e+05 3.115470000000000000e+05 5.964490000000000000e+05 1.875930000000000000e+05 8.810800000000000000e+04
1.417790000000000000e+05 1.437120000000000000e+05 2.702270000000000000e+05 5.047370000000000000e+05 2.014660000000000000e+05 8.973700000000000000e+04
1.419290000000000000e+05 1.672760000000000000e+05 2.802040000000000000e+05 4.145240000000000000e+05 1.941980000000000000e+05 8.736700000000000000e+04
3.159740000000000000e+05 5.353850000000000000e+05 5.782830000000000000e+05 4.613340000000000000e+05 2.064570000000000000e+05 9.952600000000000000e+04
5.762280000000000000e+05 8.907360000000000000e+05 4.407260000000000000e+05 1.627670000000000000e+05 5.481300000000000000e+04 2.643100000000000000e+04
7.827090000000000000e+05 7.404010000000000000e+05 2.016860000000000000e+05 4.800000000000000000e+04 1.370300000000000000e+04 6.699000000000000000e+03
