2.410000000000000000e+02 5.950000000000000000e+02 2.310000000000000000e+02 9.200000000000000000e+01 4.800000000000000000e+01 5.600000000000000000e+01
9.980000000000000000e+02 1.263200000000000000e+04 9.496000000000000000e+03 4.455000000000000000e+03 1.201000000000000000e+03 8.120000000000000000e+02
1.699000000000000000e+03 2.342800000000000000e+04 3.039500000000000000e+04 2.846000000000000000e+04 1.306600000000000000e+04 7.706000000000000000e+03
1.561000000000000000e+03 1.053700000000000000e+04 1.748700000000000000e+04 3.376700000000000000e+04 3.239900000000000000e+04 3.268800000000000000e+04
1.409000000000000000e+03 4.764000000000000000e+03 6.340000000000000000e+03 1.670500000000000000e+04 2.867500000000000000e+04 6.683200000000000000e+04
1.625000000000000000e+03 3.391000000000000000e+03 3.826000000000000000e+03 7.846000000000000000e+03 1.665900000000000000e+04 8.385100000000000000e+04
1.902000000000000000e+03 3.351000000000000000e+03 3.674000000000000000e+03 6.854000000000000000e+03 1.288000000000000000e+04 7.235400000000000000e+04
2.652000000000000000e+03 4.468000000000000000e+03 5.567000000000000000e+03 9.254000000000000000e+03 1.420200000000000000e+04 5.749400000000000000e+04
7.161000000000000000e+03 1.400700000000000000e+04 1.555800000000000000e+04 1.869600000000000000e+04 1.923800000000000000e+04 4.659500000000000000e+04
1.006200000000000000e+04 1.724000000000000000e+04 1.104900000000000000e+04 8.155000000000000000e+03 5.874000000000000000e+03 1.119100000000000000e+04
9.822000000000000000e+03 1.167900000000000000e+04 4.589000000000000000e+03 2.309000000000000000e+03 1.348000000000000000e+03 2.461000000000000000e+03
