5.620000000000000000e+02 7.110000000000000000e+02 5.670000000000000000e+02 3.040000000000000000e+02 1.640000000000000000e+02 1.080000000000000000e+02
5.610000000000000000e+02 6.020000000000000000e+02 5.300000000000000000e+02 3.010000000000000000e+02 1.630000000000000000e+02 1.070000000000000000e+02
1.240000000000000000e+03 1.662000000000000000e+03 1.953000000000000000e+03 1.577000000000000000e+03 9.510000000000000000e+02 9.190000000000000000e+02
1.490000000000000000e+03 1.807000000000000000e+03 2.643000000000000000e+03 3.032000000000000000e+03 1.926000000000000000e+03 2.364000000000000000e+03
1.624000000000000000e+03 1.779000000000000000e+03 2.617000000000000000e+03 3.937000000000000000e+03 2.947000000000000000e+03 3.429000000000000000e+03
1.805000000000000000e+03 1.640000000000000000e+03 2.581000000000000000e+03 4.116000000000000000e+03 3.328000000000000000e+03 4.328000000000000000e+03
1.595000000000000000e+03 1.639000000000000000e+03 2.226000000000000000e+03 3.030000000000000000e+03 2.533000000000000000e+03 3.723000000000000000e+03
1.488000000000000000e+03 1.663000000000000000e+03 1.942000000000000000e+03 1.999000000000000000e+03 1.611000000000000000e+03 2.995000000000000000e+03
2.959000000000000000e+03 3.591000000000000000e+03 2.803000000000000000e+03 2.294000000000000000e+03 1.885000000000000000e+03 4.066000000000000000e+03
2.475500000000000000e+03 2.431500000000000000e+03 1.238000000000000000e+03 8.545000000000000000e+02 7.170000000000000000e+02 1.513000000000000000e+03
2.475500000000000000e+03 2.431500000000000000e+03 1.238000000000000000e+03 8.545000000000000000e+02 7.170000000000000000e+02 1.513000000000000000e+03
