1.849137346499119985e+03 1.353527163380390084e+04 2.702210694933310151e+04 4.617893199159119831e+04 2.108128911590249845e+04 9.767490802003900171e+03
3.633067077416800021e+04 3.857227865518160252e+04 3.713929243005729950e+04 3.551496160051719926e+04 1.223620488900109922e+04 5.274552441634399656e+03
1.086038875686349929e+05 1.050130467600789998e+05 4.466535716554729879e+04 2.232590298834810164e+04 6.276453204701349932e+03 3.341156578115099819e+03
1.178105567975299928e+05 1.060968293646139937e+05 6.389690968074530247e+04 4.764533195708900166e+04 1.311574328936460006e+04 5.244103744242210269e+03
1.027379193013610056e+05 6.912298205385310575e+04 6.353821593601319910e+04 8.178700912025770231e+04 2.500424688212199908e+04 9.392531546037480439e+03
9.180243891938999877e+04 5.853150013767040218e+04 5.215631096014100331e+04 8.504073161157130380e+04 2.756034155581540108e+04 9.362286939264140528e+03
9.708132226010160230e+04 6.366509429274110153e+04 4.896341688934669946e+04 6.861308440003640135e+04 2.129870716254420040e+04 6.772868263907340406e+03
1.144244077948589984e+05 8.788943518989269796e+04 5.191547384429979866e+04 4.863049270360689843e+04 1.323199293602000034e+04 4.547008386957410039e+03
2.507069674717400048e+05 2.627785883574470063e+05 7.552518952260949300e+04 3.481329248700271273e+04 8.100164649356150221e+03 4.671555420034410417e+03
2.040910227285799920e+05 2.623600187410259969e+05 2.291104816477526765e+04 5.027289748101030455e+03 1.507011807327844053e+03 1.836414713904119935e+03
2.824756690371340956e+05 1.987179548136744124e+05 1.043567845715368640e+04 1.617971391921175609e+03 5.925850557391568145e+02 8.992906159490366917e+02
