1.585870000000000000e+05 8.532100000000000000e+04 2.728800000000000000e+04 1.003300000000000000e+04 3.187000000000000000e+03 2.965000000000000000e+03
3.622250000000000000e+05 2.150810000000000000e+05 9.050000000000000000e+04 3.380900000000000000e+04 1.100100000000000000e+04 7.919000000000000000e+03
4.045060000000000000e+05 3.647610000000000000e+05 2.095610000000000000e+05 1.094500000000000000e+05 3.426300000000000000e+04 2.191800000000000000e+04
4.004630000000000000e+05 4.115850000000000000e+05 3.432850000000000000e+05 2.758540000000000000e+05 9.268600000000000000e+04 5.409500000000000000e+04
3.727730000000000000e+05 4.171860000000000000e+05 4.623110000000000000e+05 5.047830000000000000e+05 1.851880000000000000e+05 1.028660000000000000e+05
3.591030000000000000e+05 4.523230000000000000e+05 5.859150000000000000e+05 6.238390000000000000e+05 2.547360000000000000e+05 1.595360000000000000e+05
3.482210000000000000e+05 5.174780000000000000e+05 6.426730000000000000e+05 5.725720000000000000e+05 2.668880000000000000e+05 2.040250000000000000e+05
3.207690000000000000e+05 5.442960000000000000e+05 5.848020000000000000e+05 4.725650000000000000e+05 2.587480000000000000e+05 2.408140000000000000e+05
4.680730000000000000e+05 8.547210000000000000e+05 7.831430000000000000e+05 6.237360000000000000e+05 4.288070000000000000e+05 4.817210000000000000e+05
3.209630000000000000e+05 5.324920000000000000e+05 4.116210000000000000e+05 3.339720000000000000e+05 2.678510000000000000e+05 3.222190000000000000e+05
2.238090000000000000e+05 3.225670000000000000e+05 2.453340000000000000e+05 2.036880000000000000e+05 1.662250000000000000e+05 1.886340000000000000e+05
