6.770000000000000000e+02 7.660000000000000000e+02 5.720000000000000000e+02 2.460000000000000000e+02 1.630000000000000000e+02 2.290000000000000000e+02
1.086000000000000000e+03 2.799000000000000000e+03 3.458000000000000000e+03 2.081000000000000000e+03 9.930000000000000000e+02 1.059000000000000000e+03
1.046000000000000000e+03 2.418000000000000000e+03 4.330000000000000000e+03 4.630000000000000000e+03 3.383000000000000000e+03 3.873000000000000000e+03
1.132000000000000000e+03 2.170000000000000000e+03 3.694000000000000000e+03 5.329000000000000000e+03 5.940000000000000000e+03 1.080300000000000000e+04
8.890000000000000000e+02 1.475000000000000000e+03 2.326000000000000000e+03 3.151000000000000000e+03 4.242000000000000000e+03 1.269800000000000000e+04
9.410000000000000000e+02 1.628000000000000000e+03 2.112000000000000000e+03 2.716000000000000000e+03 3.336000000000000000e+03 1.345700000000000000e+04
9.720000000000000000e+02 1.754000000000000000e+03 2.043000000000000000e+03 2.381000000000000000e+03 2.521000000000000000e+03 9.520000000000000000e+03
1.376000000000000000e+03 2.588000000000000000e+03 2.744000000000000000e+03 2.775000000000000000e+03 2.617000000000000000e+03 7.504000000000000000e+03
2.715000000000000000e+03 4.767000000000000000e+03 4.461000000000000000e+03 3.794000000000000000e+03 2.927000000000000000e+03 6.302000000000000000e+03
2.169000000000000000e+03 3.668000000000000000e+03 2.712000000000000000e+03 1.816000000000000000e+03 1.232000000000000000e+03 1.787000000000000000e+03
1.232000000000000000e+03 1.827000000000000000e+03 1.174000000000000000e+03 7.710000000000000000e+02 3.880000000000000000e+02 5.770000000000000000e+02
