4.943500000000000000e+04 3.723500000000000000e+04 1.594000000000000000e+04 6.373000000000000000e+03 3.693000000000000000e+03 3.031000000000000000e+03
2.200690000000000000e+05 3.249420000000000000e+05 1.631940000000000000e+05 8.337600000000000000e+04 3.476500000000000000e+04 2.430000000000000000e+04
4.122660000000000000e+05 6.315160000000000000e+05 3.236160000000000000e+05 1.867270000000000000e+05 6.772000000000000000e+04 3.408400000000000000e+04
4.798580000000000000e+05 6.190940000000000000e+05 4.398470000000000000e+05 3.548980000000000000e+05 1.332720000000000000e+05 6.988600000000000000e+04
5.003870000000000000e+05 4.780990000000000000e+05 4.558170000000000000e+05 5.746860000000000000e+05 2.167940000000000000e+05 1.055200000000000000e+05
5.674790000000000000e+05 5.040110000000000000e+05 5.024170000000000000e+05 7.155010000000000000e+05 2.742820000000000000e+05 1.271500000000000000e+05
6.192300000000000000e+05 6.037560000000000000e+05 5.636280000000000000e+05 6.684560000000000000e+05 2.395700000000000000e+05 1.037130000000000000e+05
6.100830000000000000e+05 7.336480000000000000e+05 5.463050000000000000e+05 4.284070000000000000e+05 1.402970000000000000e+05 6.437700000000000000e+04
1.334284000000000000e+06 1.992885000000000000e+06 7.179860000000000000e+05 3.137460000000000000e+05 9.229800000000000000e+04 4.819700000000000000e+04
1.294381000000000000e+06 1.718816000000000000e+06 2.537560000000000000e+05 5.395700000000000000e+04 1.376300000000000000e+04 8.705000000000000000e+03
1.999517000000000000e+06 1.373973000000000000e+06 1.344740000000000000e+05 2.041700000000000000e+04 4.826000000000000000e+03 3.365000000000000000e+03
