1.430000000000000000e+05 2.530000000000000000e+05 2.140000000000000000e+05 1.400000000000000000e+05 5.500000000000000000e+04 3.600000000000000000e+04
1.395000000000000000e+06 1.939000000000000000e+06 1.215000000000000000e+06 6.190000000000000000e+05 2.190000000000000000e+05 1.270000000000000000e+05
2.100000000000000000e+06 3.071000000000000000e+06 1.983000000000000000e+06 1.352000000000000000e+06 6.550000000000000000e+05 3.020000000000000000e+05
1.695000000000000000e+06 2.256000000000000000e+06 2.124000000000000000e+06 2.131000000000000000e+06 1.058000000000000000e+06 5.740000000000000000e+05
1.720000000000000000e+06 1.798000000000000000e+06 2.025000000000000000e+06 2.933000000000000000e+06 1.437000000000000000e+06 7.990000000000000000e+05
1.978000000000000000e+06 2.172000000000000000e+06 2.098000000000000000e+06 2.899000000000000000e+06 1.470000000000000000e+06 8.440000000000000000e+05
2.503000000000000000e+06 3.094000000000000000e+06 2.594000000000000000e+06 2.610000000000000000e+06 1.086000000000000000e+06 5.510000000000000000e+05
2.996000000000000000e+06 4.123000000000000000e+06 2.333000000000000000e+06 1.678000000000000000e+06 6.470000000000000000e+05 4.180000000000000000e+05
0.000000000000000000e+00 0.000000000000000000e+00 0.000000000000000000e+00 0.000000000000000000e+00 0.000000000000000000e+00 0.000000000000000000e+00
4.657000000000000000e+06 6.564000000000000000e+06 9.420000000000000000e+05 3.750000000000000000e+05 1.630000000000000000e+05 1.410000000000000000e+05
6.721000000000000000e+06 4.503000000000000000e+06 5.130000000000000000e+05 1.530000000000000000e+05 5.800000000000000000e+04 4.400000000000000000e+04
