2.413000000000000000e+03 2.967000000000000000e+03 2.778000000000000000e+03 1.344000000000000000e+03 6.230000000000000000e+02 5.900000000000000000e+02
1.152700000000000000e+04 1.418500000000000000e+04 1.293400000000000000e+04 6.151000000000000000e+03 2.270000000000000000e+03 1.547000000000000000e+03
1.430900000000000000e+04 2.217000000000000000e+04 2.096700000000000000e+04 1.333700000000000000e+04 5.468000000000000000e+03 3.577000000000000000e+03
1.454000000000000000e+04 2.103100000000000000e+04 2.694500000000000000e+04 2.304900000000000000e+04 9.948000000000000000e+03 7.373000000000000000e+03
1.291900000000000000e+04 1.613400000000000000e+04 2.578100000000000000e+04 2.964700000000000000e+04 1.357600000000000000e+04 1.027700000000000000e+04
1.251700000000000000e+04 1.545400000000000000e+04 2.381900000000000000e+04 2.875500000000000000e+04 1.359600000000000000e+04 1.046700000000000000e+04
1.485300000000000000e+04 1.946000000000000000e+04 2.539800000000000000e+04 2.572200000000000000e+04 1.217800000000000000e+04 9.321000000000000000e+03
1.913600000000000000e+04 2.609800000000000000e+04 2.630200000000000000e+04 2.037800000000000000e+04 9.374000000000000000e+03 7.317000000000000000e+03
4.665000000000000000e+04 6.149800000000000000e+04 3.993800000000000000e+04 2.233800000000000000e+04 1.049900000000000000e+04 8.761000000000000000e+03
5.464500000000000000e+04 6.013300000000000000e+04 2.166300000000000000e+04 9.444000000000000000e+03 4.658000000000000000e+03 3.994000000000000000e+03
6.390000000000000000e+04 4.837500000000000000e+04 1.280600000000000000e+04 4.836000000000000000e+03 2.358000000000000000e+03 1.919000000000000000e+03
