9.173700000000000000e+04 7.330400000000000000e+04 2.502600000000000000e+04 9.445000000000000000e+03 2.917000000000000000e+03 1.930000000000000000e+03
2.613150000000000000e+05 2.167390000000000000e+05 1.391400000000000000e+05 7.322300000000000000e+04 2.200500000000000000e+04 1.129200000000000000e+04
2.452610000000000000e+05 3.352300000000000000e+05 4.386720000000000000e+05 3.985190000000000000e+05 1.115780000000000000e+05 4.039900000000000000e+04
1.877120000000000000e+05 3.099200000000000000e+05 5.920860000000000000e+05 1.003190000000000000e+06 3.403380000000000000e+05 1.044370000000000000e+05
1.493720000000000000e+05 2.611580000000000000e+05 5.298670000000000000e+05 1.332916000000000000e+06 5.652810000000000000e+05 1.816160000000000000e+05
1.434620000000000000e+05 2.821210000000000000e+05 5.906190000000000000e+05 1.234196000000000000e+06 5.930220000000000000e+05 2.415700000000000000e+05
1.679090000000000000e+05 4.008500000000000000e+05 7.522170000000000000e+05 1.008243000000000000e+06 5.129930000000000000e+05 3.098440000000000000e+05
1.994970000000000000e+05 5.376590000000000000e+05 7.384280000000000000e+05 7.052510000000000000e+05 4.426580000000000000e+05 4.154170000000000000e+05
4.671990000000000000e+05 1.220128000000000000e+06 1.034964000000000000e+06 8.041730000000000000e+05 7.152980000000000000e+05 9.055350000000000000e+05
3.880890000000000000e+05 7.454860000000000000e+05 3.927910000000000000e+05 2.875780000000000000e+05 3.461160000000000000e+05 4.581860000000000000e+05
4.885340000000000000e+05 5.002980000000000000e+05 2.043250000000000000e+05 1.537750000000000000e+05 1.960700000000000000e+05 2.299530000000000000e+05
