0.5066145226511434 0.7062603141290448
0.46193160457560795 0.653939904652605
0.42340204899243866 0.6147915104379609
0.3984581835922418 0.5884558299096948
0.38033958062071316 0.5644827106558123
0.3623740858745568 0.5435799572454506
0.348737642851576 0.5283476497312607
0.339294081910394 0.5159012341931116
0.3299707346326691 0.5015936839680412
0.3048118213266474 0.45290166169018004
0.27615089278311405 0.42081682099983847
0.2563638407962478 0.39614894752963453
0.23947609547722729 0.3731044350081914
0.22214287265173757 0.34902401172462655
0.20817753161092448 0.3308581967396191
0.19609091071276663 0.31379639221504957
0.18648018832293667 0.29971563912907734
0.1785101969801157 0.28745971955315364
0.1714279559909321 0.273298829040776
0.16299304792352157 0.26073196099077844
0.15713511676790318 0.251836077920823
0.152980007650509 0.2441503795695583
0.14917667684355473 0.23605622669434503
0.14539027118997808 0.22992968150591855
0.1428208290672509 0.22464108071369107
0.14067407945805632 0.22001764234418975
0.13262043526396372 0.1910905531612936
0.11141915113493309 0.16448060708672935
0.09652107490017432 0.1422763899473044
0.07918680291433905 0.12163250097260982
0.06972773733892462 0.11011983806053523
0.06435894699393396 0.1023473589690433
0.06085449810603082 0.09636081556998694
0.058252087456491 0.09151456209064275
0.05620224533787048 0.08747639222586201
0.05449629005283921 0.08403748909751502
0.05302416422790752 0.08109872820908394
0.05182002178434581 0.07853821477925854
0.05077366213473289 0.07626138674817189
0.04985599941305039 0.0742400833985185
0.048766285186355986 0.07213456058080162
0.047777476558014384 0.06958348095180368
0.04636417881197682 0.06794488553012985
0.04559775927939165 0.06660041929590604
0.044949557331510646 0.0653069745900902
0.044298923916342825 0.06425735890226934
0.0438565809605604 0.06333748263257004
0.04346960431734645 0.0625060019325796
0.04310315266145451 0.06169514605189046
0.04270993515649207 0.06102383907228823
0.04241680288279222 0.06041139498352238
0.04214939839933626 0.059864047999351605
0.041903671366606866 0.05936660618500916
0.041675469638812156 0.05891643169734472
0.041461488984916015 0.05850571141867528
0.041263929346038175 0.05812319512607297
0.041075708980010235 0.05777479386681177
0.038384793691343254 0.04916542780062377
0.03252068352031661 0.04626601599535698
0.030313921874252654 0.04331220304646852
0.028280703589795012 0.04185038672553038
0.026561697511701586 0.039433709250705745
0.02287282156591105 0.036353110958616874
0.022022094036671318 0.03561169236224967
0.02161333988729776 0.035045878571523685
0.021314344964906973 0.03455217789817989
0.021069651143357182 0.034128593529403006
0.020858896720374435 0.03375643694141397
0.02066747562117889 0.03339441414611553
0.020489102651017277 0.03305788493379893
0.020322036179130983 0.032733464691772615
0.02016073041729214 0.03241662123839541
0.01999524571287528 0.03208976755743401
0.019799048696840345 0.031758956272159446
0.01963924809936513 0.031444311920733235
0.019492025014606996 0.03113840760789699
0.01934945525858657 0.030829890057312626
0.01920685195388 0.030520285209418938
0.019057259715498744 0.03023912773570882
0.01892091745612217 0.029929168691261356
0.018783099560526338 0.029655110871895877
0.018649681655864902 0.029381399012200618
0.01851980288584389 0.02911537198494485
0.018396356640736525 0.02885388970094882
0.018272927086083395 0.028609343789263036
0.018153590909926454 0.028372399694771053
0.018036912224635868 0.02813236575623064
0.01792247827719845 0.0279214873689153
0.01780822733455708 0.027697988759917413
0.017702713871733423 0.027500191600671842
0.01759132574004544 0.027305599545814446
0.01748250229997246 0.027108292197918552
0.017376557662551775 0.026919821583819576
0.01727630229172398 0.02672614928036204
0.017172797532751062 0.026547379468147832
0.017074001406648494 0.026373860415496123
0.01697777479118082 0.026209001365192167
0.016881039571477574 0.026039762345763117
0.016787321515442228 0.025877939425561144
0.016695815161118524 0.025704116636843997
0.016604282679967816 0.025551804103996933
0.016517721054664408 0.02540029778260418
0.016432861503625933 0.025254686069623455
0.01634827321955183 0.025111833941959583
0.01626649405924048 0.024982220837822557
0.016186901426183824 0.024844313810982992
0.01610890896771614 0.0247228210040653
0.016033737451387826 0.024597908698699805
0.0159596119953514 0.024479631964339808
0.015885839550914754 0.024355459801776187
0.015816837064027433 0.02424337130916296
0.015755484151343816 0.024139917178874745
0.015682734124226622 0.024035730306666506
0.015619198997740408 0.02392288853546726
0.015559864859490397 0.023830022811693902
0.015490251069974814 0.023722127246597433
0.015428253058513931 0.023639791036120548
0.0153775702084884 0.02354548623025735
0.015312818477723639 0.02344970544040723
0.015263435031582194 0.023379074973294875
0.015201616488208515 0.023297938654153996
0.015154913304714477 0.02322441470651758
0.01509765220417404 0.02314009390760391
0.015054087676345817 0.02307457049288571
0.01499976171885693 0.022981635127198124
0.014958594600616801 0.022914435082789123
0.014906925009402732 0.02283818844166316
0.01486818560338807 0.02278111663682976
0.014819239477216646 0.022704930728670174
0.014781330462920069 0.022650331926619305
0.014739587655432951 0.022586874845001558
0.014694375812963187 0.022525770467777265
0.014663759058236822 0.022458293174954347
0.014619298680980476 0.022404498255025676
0.014588115995807335 0.02234770039114704
0.014542002894639625 0.022279087355973434
0.014509762597910805 0.022217104584586565
0.01447083942513863 0.0221650490603626
0.014431507586255209 0.022099936186588426
0.014399719947071907 0.022064024770677235
0.014361932756368028 0.02200280796572719
0.014336774774549761 0.021959503870489738
0.014302446263758473 0.021895277505415617
0.014262697390716462 0.021890453723059543
0.014236114733461282 0.021831202288510706
0.014198644554966038 0.02181298912663356
0.014175150038472323 0.021767090024094816
0.014137650636172514 0.02171321321399951
0.0141096723770655 0.021647290767519145
0.014072980386617353 0.02160398685867541
0.01404652378682381 0.02156539534602396
0.014012267849346683 0.021516247685620868
0.013986379400161486 0.021474814664440445
0.013955430489754046 0.021400571094244914
0.013924543776230341 0.021346657143201813
0.013900799200710376 0.021283094806050413
0.013869404222652358 0.021230187689294997
0.013846535338653775 0.021174445766184827
0.013818486578123707 0.021129002332480083
0.013792201799991582 0.02107186991696368
0.013770484233095395 0.021018305730171504
0.013744327142439049 0.020977163928012466
0.013718867907670776 0.020922475531835197
0.013696977308948519 0.02088191858983414
0.01367329599950648 0.02084772177338004
0.013651414024013065 0.020788185540161288
0.013632936209337395 0.020746731660243267
0.01360428434576308 0.020697030008295297
0.013578387453847061 0.020645094942481554
0.01355806995773851 0.020607782656455225
0.013531360027588684 0.020561455912293275
0.013506007731313852 0.020533407496246922
0.013486545136029154 0.020475558532292208
0.013462210089358077 0.020453485796073766
0.013439492775236813 0.02035976646657807
0.013414587932880346 0.020299965875882352
0.013384858804699647 0.02024212775806885
0.013358675122909398 0.02018953235424138
0.013330933973630693 0.02009964889931562
0.013308427859892146 0.02003156679437285
0.013275656846924123 0.019963042172306156
0.013243064373340477 0.019903322931592898
0.013221130602052293 0.01984463968424394
0.013190649758337418 0.019786911276580377
0.013161122960036825 0.01973688444729019
0.013138676515501132 0.019680884966884863
0.013110477329597891 0.019624283584698667
0.013082967338633417 0.019572268731773614
0.01306236740055468 0.019520019699409058
0.013032705043817372 0.019471496102473188
0.013006036628524962 0.019420688985951708
0.01298629027572853 0.019366280554973192
0.012958682125105984 0.019308429953636765
0.012929131247149029 0.019258858653720557
0.012910830562016211 0.019200481893148966
0.01287989494818038 0.01915849181070312
0.012856505429739075 0.019100483555729023
0.0128299244808098 0.019054729859292813
0.012809495432780937 0.0189986609218392
0.012781832070754366 0.018943130490881834
