0.3740283459494646 0.37341010096787847
0.35508893131046204 0.3550031568620697
0.33375533648787886 0.33232438323823615
0.31090544093345207 0.3112710548619563
0.2912566071551008 0.29329767995083117
0.274289246028287 0.27745853303650236
0.2591839494089277 0.263282315605252
0.24563112994850306 0.2506072022778469
0.23351998832241025 0.23937719295266272
0.22290452926847307 0.22967311342323313
0.21364131352564492 0.22131384191007533
0.20596899277868466 0.21456286248017575
0.19975796008618874 0.2091709300720224
0.1944590120322062 0.2045338230275613
0.1905510530618431 0.20137551888762262
0.1877243645829885 0.19904538532268723
0.18565151370428726 0.19734017826845865
0.1841561865045107 0.1960866329164029
0.1830662089212495 0.19508587425593005
0.18217692306048064 0.19395918671475265
0.18108849764583393 0.19179913340200572
0.17739995858856153 0.18500235866444914
0.17268430016313274 0.1817470793756842
0.1700900830230158 0.17911097611829077
0.1680029241144963 0.1770483946956849
0.16632192269486035 0.17520976126777268
0.16461986895435896 0.17331287075579493
0.16297833303382403 0.17181996765330287
0.16169727999737998 0.17042454028277546
0.14907121483336955 0.1401369693776976
0.1169684489872346 0.11791186710613065
0.09840958993584287 0.10295209742247291
0.0850843097552077 0.09143683789515382
0.07474825137666566 0.08223063996291553
0.06650385824176527 0.07476512175226714
0.059916061725301874 0.06873089858949964
0.054663776388525424 0.063857996842328
0.05049853102412396 0.059964702864815526
0.04721872493935377 0.05687331410085703
0.04464766416799606 0.05443430997514307
0.042641153208806806 0.05251406377106061
0.041081884344988384 0.05096627237139468
0.03986827591913726 0.04972125151502457
0.03891812052328859 0.04875610675564587
0.038158089002575765 0.047995468713875146
0.037551896646479954 0.04739593694646596
0.03705577408168777 0.04690146233841375
0.03664165950598936 0.04648481619372823
0.03628991939160784 0.04613690591047653
0.03598311309941314 0.0458557831148359
0.035709085026302774 0.04559724309765336
0.03546360144423583 0.04538050887949357
0.03524467595976897 0.04518649343530367
0.03504449987388147 0.045023119150875056
0.03485881778550335 0.04486070365253986
0.03468643247656008 0.04471497474605101
0.034523103552561225 0.0445619738380242
0.03436390383890598 0.04442507518430538
0.03419777995667365 0.04421413958742867
0.03400643341463581 0.044059744971145974
0.03375627309569273 0.043577726051394566
0.032920510870141674 0.04279931962531866
0.032020887326580705 0.04219804377063504
0.031835862499572876 0.04207300981833495
0.03168422826980197 0.04195563058514243
0.031534656009650504 0.04182776405244835
0.03138401332363256 0.04169433888420577
0.03123107823035277 0.04156709490457351
0.03107797974338997 0.04142637694481945
0.03091996081534424 0.041300599648666475
0.030760125561485482 0.041164984352276585
0.030599108063317677 0.04103569114495563
0.03043566977412554 0.04089037827139448
0.030272609142996617 0.04074070156246645
0.030106427984207602 0.040572785081988874
0.029936443604682405 0.04040357902338373
0.02976088517365187 0.04021173080606574
0.02957353017791398 0.03998393098181227
0.02936779405121852 0.03971874837215591
0.029141223662878954 0.03942563718295953
0.02888220720836742 0.03906988282279801
0.0285684815247364 0.03862626483824364
0.028182349470499878 0.03807018775804694
0.02771777209345614 0.03750100574315329
0.027228162897661674 0.036922049272977896
0.026825781467665732 0.036506377252686066
0.026457404782390045 0.036113846876096596
0.026105013297726867 0.035757392790703925
0.025771876700926975 0.03542059548034509
0.025441707799306934 0.035083837485023896
0.025117286270322375 0.034709736173038894
0.024790731682905427 0.03435448541907899
0.024464146965612405 0.03400814161311284
0.024137897136700007 0.03364161868366284
0.023810068433083607 0.03329153478376969
0.023486378292791363 0.03295218956681856
0.02316356617765869 0.03259801300555943
0.02284189676661653 0.032251576132405306
0.02252118602943677 0.031866956511589835
0.02220049866249719 0.031489984714400183
0.021876468528542855 0.031124812098698884
0.02155350200358847 0.03072564418507689
0.02123368505185158 0.03032701879691962
0.020909885472058336 0.029931779787189416
0.020591543972733873 0.029540083989021384
0.020274307984879565 0.02914506369757007
0.019956863265135655 0.028734173152384922
0.019641941549479625 0.02832508685775441
0.019331011027160075 0.027930885048348283
0.019021320301884234 0.02753572450307225
0.018715203207801144 0.027148974385740255
0.018410846586159962 0.02672614465752717
0.018112514029456753 0.026355033180969326
0.01781346542815408 0.02595968670203537
0.017520532029610847 0.02556761836899099
0.01723172086858038 0.02519185572430388
0.016951466982755497 0.024783578069217587
0.01667016929978364 0.024412956348002408
0.016400136951623828 0.02401355831075411
0.016128823386095968 0.02363016682342239
0.01586352503169264 0.023288043883030133
0.015610369830591938 0.02291138052751671
0.015358759527096352 0.022573390599201566
0.015119996420750598 0.022189014730995923
0.014880896479351355 0.02186278116346527
0.014654394335850137 0.021500090654011095
0.014430408612712307 0.021188799933264918
0.014217147217639536 0.02082768941768767
0.014006078818613646 0.020518687965352046
0.01379851743062213 0.020192742048896598
0.013596536226086961 0.019898399021816872
0.01340009223533314 0.019570195849262506
0.013211411797204019 0.019279710025737428
0.013022009119655436 0.018981961895177982
0.012844844934400704 0.01867437543501595
0.012667226779124274 0.018415134015934045
0.012500759284274693 0.018123822235895832
0.012338853903366762 0.01787421052425424
0.012183123328320406 0.01759418859468109
0.012034147266458885 0.01736462918535842
0.011890708801748539 0.017109283315183143
0.01174945839696925 0.016887603764845643
0.011616755646712093 0.016636556981983342
0.01148712151485001 0.016423568559864734
0.011363168295423894 0.016201717903017072
0.0112446223834039 0.016012514368405763
0.011130399089019785 0.015807294614221628
0.011023303161917205 0.015624083507257525
0.01091566325800225 0.015441631392039903
0.01081544437341653 0.015233104440186876
0.010721218421702287 0.015063271955850922
0.010623508523029823 0.014895147861244943
0.010536742555399397 0.014726684778196185
0.010451359870510008 0.014582849054660669
0.010368828604403834 0.014425593490499851
0.010290759664966512 0.014293971685840241
0.010212892783561106 0.014154558687103363
0.010140802663481024 0.014019870682978738
0.01007336676750509 0.013881033190029729
0.010006462899279226 0.01376207674544568
0.009940857369208807 0.013636212944373718
0.009880517963164153 0.013530013783390313
0.009821424115361407 0.01341927849562545
0.00976616805648555 0.013316668133718906
0.009714354269221423 0.013206892691405374
0.009662820556422137 0.013117916398486995
0.009614167193436616 0.013020561272458002
0.009565818864297223 0.012935207534978871
0.009519765435072523 0.012853216679956323
0.009475803098485683 0.012771127884139193
0.00943392084993137 0.012694839867603126
0.009394092201474462 0.01261543536294441
0.00935363581208588 0.01254650287140266
0.009314725202483099 0.012479594742708891
0.009275301652483142 0.01240981888288731
0.009236742200325674 0.012351733527224101
0.009200507959604377 0.012285402457160489
0.009163933774681832 0.01222874213193864
0.009130767105818387 0.012170406564630165
0.009100041948574049 0.012111197250375847
0.009067996906034704 0.012063340776497554
0.009040263614189307 0.012005183717584007
0.009009735588638497 0.01195975278345065
0.00898190050760393 0.01190681030713235
0.008954722303380657 0.011860443053308236
0.008929487275945005 0.01182233630608163
0.008903962007402136 0.011775232032665133
0.00888138925536309 0.011728632591104142
0.008857095383603028 0.011686935515904752
0.008834927998534695 0.011644495522275729
0.008813790318785287 0.011601502878052809
0.00879266430363034 0.011567903482155868
0.008771202925345957 0.011524199679020337
0.008753786544384254 0.011482654541703706
0.008733599433517873 0.01144414762115043
0.008713977833609155 0.011408478377404255
0.008699423624121438 0.011368395284586679
0.008681298769128027 0.011329956123544828
0.008665339124670853 0.011294088719051331
0.008648815697481016 0.011262388838674519
