0.10628559186596089 0.09500946614473953
0.08243345734725918 0.07308403860443614
0.06846560229018418 0.06407937940189021
0.06200597810141947 0.06017363980989835
0.059846120484535324 0.05907461624060425
0.058680897783996384 0.05772420088508124
0.05820328823023852 0.05732850546716614
0.05795106965531561 0.05681697353184615
0.05763757512413185 0.0565589642536763
0.05749513183076216 0.05634903704616226
0.05735454659988029 0.05615303109524381
0.05696753969182849 0.054391352672011735
0.0545338085452048 0.05217546809682397
0.05290164349845339 0.05142323220884853
0.05135686394823274 0.045593558579727765
0.04424598576885866 0.04183259353106317
0.04250579116383647 0.04118299119578365
0.04209020170296364 0.04089421013152572
0.041793229728547626 0.040575824330134666
0.041536813297829905 0.03997075973375016
0.04118189934263238 0.039762183719418906
0.041048701722369185 0.03958520937685318
0.04093180413693341 0.03940514116939453
0.04064239252316084 0.03802234177102624
0.038236766041390424 0.03514524242007478
0.03647198918297784 0.034652552873314764
0.0362227116822664 0.0344833463284621
0.03611803351416857 0.03434531920311246
0.036033766193818914 0.034217810124624895
0.03594141748816999 0.03393354016997207
0.03544182323995023 0.03277648205246054
0.03469243237239035 0.03257064160449891
0.03453799540003575 0.03168008444366039
0.033419390216576625 0.031029016989511864
0.03324272773550777 0.030900485590365633
0.03314854160564248 0.030773666069158077
0.03305242529043606 0.03066043363288141
0.03295985250322793 0.030557959628934345
0.03287026758629985 0.03045555743561403
0.03278105866039124 0.03035286301261228
0.03269052417915939 0.030248510302734677
0.03259935273240821 0.03014580806052461
0.0325103013313589 0.030044576047229377
0.03242252814394882 0.029949136845733398
0.03194925327355539 0.027810286716899123
0.02942388231012124 0.02650406213272187
0.0288195576052833 0.026256699460531014
0.028663989346435312 0.026154463893768812
0.02858016952536947 0.02607607184673492
0.028512515033144573 0.026005617604019784
0.028452014402199695 0.02593951138871516
0.028396472469487323 0.025880818996699532
0.028344905654692245 0.025828212957217194
0.02829864391024356 0.025781058978405057
0.028256214724345634 0.02573648611755501
0.028217090522029826 0.025692452185453945
0.028168784778842798 0.025481639127072284
0.027897381813019484 0.024808252702316288
0.02736136760098566 0.02472310734089163
0.027312164105351984 0.024139840917256402
0.02422571144551301 0.01954236486205226
0.01650134118796928 0.009184865961217295
0.0072650898635521445 0.002777856857572024
0.004650984124144816 0.0021731959454247213
0.004265315007427016 0.0020521851356832717
0.004149812791679032 0.001987208803797873
0.004083987605231648 0.0019247581149824825
0.004031611218261526 0.0018732894198820937
0.003985944862903999 0.001823713965144273
0.0039445232457249735 0.0017796709845993629
0.003906369056987357 0.001735404948378339
0.0038721329273481452 0.0016969884622731852
0.003839602299660099 0.001661825461510386
0.0038101416323426166 0.0016309730600686473
0.0037820834041878432 0.0016016320250472349
0.0037567065165018455 0.0015767668572760957
0.0037322453465488585 0.0015541842377877386
0.003710801733685626 0.0015360996177208423
0.0036895055126332766 0.0015159689484967743
0.003670414741756038 0.0014998205869943082
0.0036523001524170367 0.001485199928632025
0.0036355697030743452 0.0014710496989992596
0.0036194275674119765 0.00146068246333429
0.0036047137921659724 0.0014464970761841345
0.0035901700734691376 0.001436187660836843
0.003577039710232676 0.0014255291255394623
0.0035633826479023996 0.0014171773399149254
0.00354730723536449 0.0014008478048172137
0.003534146520713782 0.0013930397954233231
0.0035234108051808545 0.0013857615167714094
0.0035123370996053855 0.0013803027811205178
0.0035029372522529245 0.0013733682912287363
0.003493288014912545 0.001369822321878617
0.003484014909869545 0.001365781617057224
0.0034760115708108315 0.0013614723641115125
0.003467391697280421 0.001358974616038059
0.003460221609997289 0.0013543140745510788
0.00345255724069206 0.0013506924898046395
0.0034449838153482546 0.0013481009742266359
0.003438839853200114 0.0013461098579260102
