0.043134230679978215 0.041049253782289664
0.03642166428371643 0.03402187493638297
0.03172856036612779 0.03306028366775678
0.030459275850290377 0.032232200730349214
0.02824096476440088 0.029538594022329112
0.027705772151245096 0.0292983153087012
0.027358954419082468 0.029017810620315946
0.026763775852377176 0.02846690826874666
0.026371071455770393 0.028385816008545728
0.026142288747540883 0.02806357098144531
0.02597521639023043 0.027966411105944406
0.025892432652784767 0.027874493382548715
0.02581215640576039 0.02778948701541244
0.025739542234996027 0.027714378149806485
0.02553524117042864 0.027389908044656144
0.025401645559063275 0.02733144802844133
0.024965792207152403 0.02591639361610226
0.023450950231541333 0.023185377238565688
0.01959183293284004 0.018282663959837624
0.007545192428115351 0.006262788103211274
0.0050218473262320104 0.0061868182917373
0.004923096970817538 0.0061038139096865965
0.004859889554157012 0.0060714965034132
0.004813363542075949 0.006033750047207288
0.0047713618367278676 0.005989194217738833
0.004733273452117513 0.00595223619039516
0.004705148503164296 0.005909366821960707
0.004674894767238327 0.005862438508833042
0.004646872780876929 0.005831335738307058
0.004617546778445124 0.005802740793773077
0.004590754161373556 0.005768776884934926
0.00456051619228761 0.005727634180214322
0.004532536342490082 0.005690608653261562
0.004502477583577945 0.005675441177791646
0.004474370822284328 0.005623066512226133
0.004447196602699801 0.005615459575643771
0.004418286920563111 0.005559887322095255
0.004386739478814808 0.00554519511054834
0.00436319959203203 0.005509724237500958
0.004337149401721493 0.005500785418392981
0.004322321283990072 0.005461056588249508
0.0042942331582655115 0.005430479747488397
0.00427011985088009 0.005398399027056453
0.004242996181280809 0.005379518216257116
0.004213182371226407 0.005326829015322635
0.00418998341315142 0.005303291058138346
0.004179153847692783 0.005271795833033483
0.004153479538227394 0.005284113330923956
0.0041248245366493205 0.005243537082424213
0.004099380258090354 0.005259871397088361
0.004107224402614018 0.0051768523999344875
0.0040927167961747335 0.0052533254279942205
0.004061359084182243 0.00515438662328952
0.00405472598162759 0.005146859336902363
0.004047022753361976 0.005171759006426562
0.004008267593027024 0.005179273822916248
0.004005033451371901 0.00508628099468801
0.003985297185370843 0.005134408328411752
0.0039680834025365526 0.005089052657484198
0.003939309876954787 0.005136492046763668
0.003918984535535536 0.005117165734242388
0.003941991117047482 0.005104031826637703
0.003908747462533894 0.0050973040503420825
0.003876076428962235 0.00510604618012996
0.0038597926533688255 0.005087528310196769
0.003847300542085365 0.005079340907927662
0.0038398976283623622 0.005142066431159171
0.0038303975439237825 0.005049473777881065
0.0038070664082620713 0.005019565794526093
0.0038014218853173022 0.005100477080422504
0.00379276877915922 0.005051490251332398
0.0037589157918576023 0.005005697074876969
0.0037528177929496065 0.00506071407488148
0.0037603134288097884 0.005017768146844472
0.0037428100075721257 0.005015261364909182
0.003713645653880463 0.004979253799205697
0.0037087805401599815 0.00492078864465351
0.0036895468583999147 0.00494468726461542
0.0036748475529933353 0.004992365243895366
0.0036931791480296983 0.005019347807253614
0.0036738940154025083 0.005000848185793359
0.003645589783038342 0.004947984253212662
0.0036328841380213034 0.004933458169661766
0.003626544099313566 0.004967389583180838
0.003620772442720442 0.004958991948622742
0.003610499101012839 0.004995831953677774
0.0036197485102698983 0.005056256550561528
0.003615905873143138 0.005030460115098401
0.0036021897056000363 0.00508897056658415
0.0036029295453864525 0.005061232744617409
0.0036158129752227558 0.005039342534436904
0.0035860130387897413 0.005095844023263752
0.0035738565844984187 0.005072985943086981
0.003582789160948585 0.005096133490092362
0.003553808984054984 0.005074206146832805
0.0035546406737733136 0.005059203359194658
0.003548890275291423 0.005089532011248519
0.003550795076323712 0.005032619329240839
0.0035329376337926758 0.005120039853172341
0.0035284169106693307 0.005078554646814486
