6.040000000000000000e+02 8.690000000000000000e+02 4.650000000000000000e+02 2.460000000000000000e+02 1.160000000000000000e+02 1.160000000000000000e+02
2.216000000000000000e+03 2.850000000000000000e+03 2.181000000000000000e+03 1.280000000000000000e+03 7.700000000000000000e+02 8.980000000000000000e+02
2.416000000000000000e+03 3.559000000000000000e+03 6.599000000000000000e+03 6.588000000000000000e+03 3.209000000000000000e+03 4.128000000000000000e+03
2.668000000000000000e+03 3.324000000000000000e+03 7.499000000000000000e+03 1.524400000000000000e+04 7.159000000000000000e+03 7.198000000000000000e+03
3.024000000000000000e+03 3.502000000000000000e+03 6.910000000000000000e+03 1.814900000000000000e+04 1.091600000000000000e+04 8.655000000000000000e+03
4.130000000000000000e+03 4.831000000000000000e+03 8.235000000000000000e+03 2.075900000000000000e+04 1.423600000000000000e+04 1.004400000000000000e+04
6.245000000000000000e+03 7.966000000000000000e+03 1.462500000000000000e+04 2.786500000000000000e+04 1.922200000000000000e+04 1.496000000000000000e+04
9.327000000000000000e+03 1.265400000000000000e+04 2.060300000000000000e+04 2.832300000000000000e+04 2.049900000000000000e+04 2.519900000000000000e+04
1.916000000000000000e+04 2.736700000000000000e+04 2.809000000000000000e+04 2.602300000000000000e+04 2.396700000000000000e+04 4.355800000000000000e+04
2.017200000000000000e+04 2.258100000000000000e+04 1.191200000000000000e+04 9.833000000000000000e+03 1.337700000000000000e+04 2.590700000000000000e+04
2.292000000000000000e+04 1.898300000000000000e+04 8.413000000000000000e+03 7.891000000000000000e+03 1.084900000000000000e+04 1.897400000000000000e+04
